 0.000    1.000
 0.010    1.000
 0.020    1.000
 0.030    1.000
 0.040    1.000
 0.050    1.000
 0.060    1.000
 0.070    1.000
 0.080    1.000
 0.090    1.000
 0.100    1.000
 0.110    1.000
 0.120    1.000
 0.130    1.000
 0.140    1.000
 0.150    1.000
 0.160    1.000
 0.170    1.000
 0.180    1.000
 0.190    1.000
 0.200    1.000
 0.210    1.000
 0.220    1.000
 0.230    1.000
 0.240    1.000
 0.250    1.000
 0.260    1.000
 0.270    1.000
 0.280    1.000
 0.290    1.000
 0.300    1.000
 0.310    1.000
 0.320    1.000
 0.330    1.000
 0.340    1.000
 0.350    1.000
 0.360    1.000
 0.370    1.000
 0.380    1.000
 0.390    1.000
 0.400    1.000
 0.410    1.000
 0.420    1.000
 0.430    1.000
 0.440    1.000
 0.450    1.000
 0.460    1.000
 0.470    1.000
 0.480    1.000
 0.490    1.000
 0.500    1.000
 0.510    1.000
 0.520    1.000
 0.530    1.000
 0.540    1.000
 0.550    1.000
 0.560    1.000
 0.570    1.000
 0.580    1.000
 0.590    1.000
 0.600    1.000
 0.610    1.000
 0.620    1.000
 0.630    1.000
 0.640    1.000
 0.650    1.000
 0.660    1.000
 0.670    1.000
 0.680    1.000
 0.690    1.000
 0.700    1.000
 0.710    1.000
 0.720    1.000
 0.730    1.000
 0.740    1.000
 0.750    1.000
 0.760    1.000
 0.770    1.000
 0.780    1.000
 0.790    1.000
 0.800    1.000
 0.810    1.000
 0.820    1.000
 0.830    1.000
 0.840    1.000
 0.850    1.000
 0.860    1.000
 0.870    1.000
 0.880    1.000
 0.890    1.000
 0.900    1.000
 0.910    1.000
 0.920    1.000
 0.930    1.000
 0.940    1.000
 0.950    1.000
 0.960    1.000
 0.970    1.000
 0.980    1.000
 0.990    1.000
 1.000    1.000
 1.010    1.000
 1.020    1.000
 1.030    1.000
 1.040    1.000
 1.050    1.000
 1.060    1.000
 1.070    1.000
 1.080    1.000
 1.090    1.000
 1.100    1.000
 1.110    1.000
 1.120    1.000
 1.130    1.000
 1.140    1.000
 1.150    1.000
 1.160    1.000
 1.170    1.000
 1.180    1.000
 1.190    1.000
 1.200    1.000
 1.210    1.000
 1.220    1.000
 1.230    1.000
 1.240    1.000
 1.250    1.000
 1.260    1.000
 1.270    1.000
 1.280    1.000
 1.290    1.000
 1.300    1.000
 1.310    1.000
 1.320    1.000
 1.330    1.000
 1.340    1.000
 1.350    1.000
 1.360    1.000
 1.370    1.000
 1.380    1.000
 1.390    1.000
 1.400    1.000
 1.410    1.000
 1.420    1.000
 1.430    1.000
 1.440    1.000
 1.450    1.000
 1.460    1.000
 1.470    1.000
 1.480    1.000
 1.490    1.000
 1.500    1.000
 1.510    1.000
 1.520    1.000
 1.530    1.000
 1.540    1.000
 1.550    1.000
 1.560    1.000
 1.570    1.000
 1.580    1.000
 1.590    1.000
 1.600    1.000
 1.610    1.000
 1.620    1.000
 1.630    1.000
 1.640    1.000
 1.650    1.000
 1.660    1.000
 1.670    1.000
 1.680    1.000
 1.690    1.000
 1.700    1.000
 1.710    1.000
 1.720    1.000
 1.730    1.000
 1.740    1.000
 1.750    1.000
 1.760    1.000
 1.770    1.000
 1.780    1.000
 1.790    1.000
 1.800    1.000
 1.810    1.000
 1.820    1.000
 1.830    1.000
 1.840    1.000
 1.850    1.000
 1.860    1.000
 1.870    1.000
 1.880    1.000
 1.890    1.000
 1.900    1.000
 1.910    1.000
 1.920    1.000
 1.930    1.000
 1.940    1.000
 1.950    1.000
 1.960    1.000
 1.970    1.000
 1.980    1.000
 1.990    1.000
 2.000    1.000
 2.010    1.000
 2.020    1.000
 2.030    1.000
 2.040    1.000
 2.050    1.000
 2.060    1.000
 2.070    1.000
 2.080    1.000
 2.090    1.000
 2.100    1.000
 2.110    1.000
 2.120    1.000
 2.130    1.000
 2.140    1.000
 2.150    1.000
 2.160    1.000
 2.170    1.000
 2.180    1.000
 2.190    1.000
 2.200    1.000
 2.210    1.000
 2.220    1.000
 2.230    1.000
 2.240    1.000
 2.250    1.000
 2.260    1.000
 2.270    1.000
 2.280    1.000
 2.290    1.000
 2.300    1.000
 2.310    1.000
 2.320    1.000
 2.330    1.000
 2.340    1.000
 2.350    1.000
 2.360    1.000
 2.370    1.000
 2.380    1.000
 2.390    1.000
 2.400    1.000
 2.410    1.000
 2.420    1.000
 2.430    1.000
 2.440    1.000
 2.450    1.000
 2.460    1.000
 2.470    1.000
 2.480    1.000
 2.490    1.000
 2.500    1.000
 2.510    1.000
 2.520    1.000
 2.530    1.000
 2.540    1.000
 2.550    1.000
 2.560    1.000
 2.570    1.000
 2.580    1.000
 2.590    1.000
 2.600    1.000
 2.610    1.000
 2.620    1.000
 2.630    1.000
 2.640    1.000
 2.650    1.000
 2.660    1.000
 2.670    1.000
 2.680    1.000
 2.690    1.000
 2.700    1.000
 2.710    1.000
 2.720    1.000
 2.730    1.000
 2.740    1.000
 2.750    1.000
 2.760    1.000
 2.770    1.000
 2.780    1.000
 2.790    1.000
 2.800    1.000
 2.810    1.000
 2.820    1.000
 2.830    1.000
 2.840    1.000
 2.850    1.000
 2.860    1.000
 2.870    1.000
 2.880    1.000
 2.890    1.000
 2.900    1.000
 2.910    1.000
 2.920    1.000
 2.930    1.000
 2.940    1.000
 2.950    1.000
 2.960    1.000
 2.970    1.000
 2.980    1.000
 2.990    1.000
 3.000    1.000
 3.010    1.000
 3.020    1.000
 3.030    1.000
 3.040    1.000
 3.050    1.000
 3.060    1.000
 3.070    1.000
 3.080    1.000
 3.090    1.000
 3.100    1.000
 3.110    1.000
 3.120    1.000
 3.130    1.000
 3.140    1.000
 3.150    1.000
 3.160    1.000
 3.170    1.000
 3.180    1.000
 3.190    1.000
 3.200    1.000
 3.210    1.000
 3.220    1.000
 3.230    1.000
 3.240    1.000
 3.250    1.000
 3.260    1.000
 3.270    1.000
 3.280    1.000
 3.290    1.000
 3.300    1.000
 3.310    1.000
 3.320    1.000
 3.330    1.000
 3.340    1.000
 3.350    1.000
 3.360    1.000
 3.370    1.000
 3.380    1.000
 3.390    1.000
 3.400    1.000
 3.410    1.000
 3.420    1.000
 3.430    1.000
 3.440    1.000
 3.450    1.000
 3.460    1.000
 3.470    1.000
 3.480    1.000
 3.490    1.000
 3.500    1.000
 3.510    1.000
 3.520    1.000
 3.530    1.000
 3.540    1.000
 3.550    1.000
 3.560    1.000
 3.570    1.000
 3.580    1.000
 3.590    1.000
 3.600    1.000
 3.610    1.000
 3.620    1.000
 3.630    1.000
 3.640    1.000
 3.650    1.000
 3.660    1.000
 3.670    1.000
 3.680    1.000
 3.690    1.000
 3.700    1.000
 3.710    1.000
 3.720    1.000
 3.730    1.000
 3.740    1.000
 3.750    1.000
 3.760    1.000
 3.770    1.000
 3.780    1.000
 3.790    1.000
 3.800    1.000
 3.810    1.000
 3.820    1.000
 3.830    1.000
 3.840    1.000
 3.850    1.000
 3.860    1.000
 3.870    1.000
 3.880    1.000
 3.890    1.000
 3.900    1.000
 3.910    1.000
 3.920    1.000
 3.930    1.000
 3.940    1.000
 3.950    1.000
 3.960    1.000
 3.970    1.000
 3.980    1.000
 3.990    1.000
 4.000    1.000
 4.010    1.003
 4.020    1.011
 4.030    1.021
 4.040    1.036
 4.050    1.054
 4.060    1.075
 4.070    1.101
 4.080    1.129
 4.090    1.162
 4.100    1.198
 4.110    1.237
 4.120    1.281
 4.130    1.327
 4.140    1.378
 4.150    1.432
 4.160    1.489
 4.170    1.551
 4.180    1.615
 4.190    1.684
 4.200    1.756
 4.210    1.831
 4.220    1.911
 4.230    1.993
 4.240    2.080
 4.250    2.170
 4.260    2.263
 4.270    2.361
 4.280    2.461
 4.290    2.566
 4.300    2.674
 4.310    2.785
 4.320    2.900
 4.330    3.019
 4.340    3.142
 4.350    3.268
 4.360    3.397
 4.370    3.530
 4.380    3.667
 4.390    3.808
 4.400    3.952
 4.410    4.099
 4.420    4.250
 4.430    4.405
 4.440    4.564
 4.450    4.726
 4.460    4.891
 4.470    5.060
 4.480    5.233
 4.490    5.410
 4.500    5.590
 4.510    5.773
 4.520    5.960
 4.530    6.151
 4.540    6.346
 4.550    6.543
 4.560    6.745
 4.570    6.950
 4.580    7.159
 4.590    7.371
 4.600    7.587
 4.610    7.807
 4.620    8.030
 4.630    8.257
 4.640    8.487
 4.650    8.721
 4.660    8.959
 4.670    9.200
 4.680    9.445
 4.690    9.693
 4.700    9.945
 4.710   10.201
 4.720   10.460
 4.730   10.723
 4.740   10.989
 4.750   11.259
 4.760   11.533
 4.770   11.810
 4.780   12.091
 4.790   12.375
 4.800   12.663
 4.810   12.955
 4.820   13.250
 4.830   13.549
 4.840   13.851
 4.850   14.157
 4.860   14.467
 4.870   14.780
 4.880   15.097
 4.890   15.417
 4.900   15.741
 4.910   16.069
 4.920   16.400
 4.930   16.735
 4.940   17.073
 4.950   17.415
 4.960   17.761
 4.970   18.110
 4.980   18.463
 4.990   18.819
 5.000   19.179
 5.010   19.543
 5.020   19.839
 5.030   20.066
 5.040   20.221
 5.050   20.305
 5.060   20.315
 5.070   20.253
 5.080   20.118
 5.090   19.912
 5.100   19.636
 5.110   19.291
 5.120   18.882
 5.130   18.409
 5.140   17.877
 5.150   17.291
 5.160   16.652
 5.170   15.968
 5.180   15.241
 5.190   14.479
 5.200   13.685
 5.210   12.866
 5.220   12.028
 5.230   11.177
 5.240   10.318
 5.250    9.459
 5.260    8.605
 5.270    7.762
 5.280    6.937
 5.290    6.134
 5.300    5.362
 5.310    4.623
 5.320    3.925
 5.330    3.272
 5.340    2.669
 5.350    2.119
 5.360    1.628
 5.370    1.198
 5.380    0.834
 5.390    0.536
 5.400    0.308
 5.410    0.150
 5.420    0.065
 5.430    0.053
 5.440    0.114
 5.450    0.247
 5.460    0.452
 5.470    0.727
 5.480    1.070
 5.490    1.478
 5.500    1.949
 5.510    2.480
 5.520    3.066
 5.530    3.703
 5.540    4.386
 5.550    5.112
 5.560    5.874
 5.570    6.667
 5.580    7.485
 5.590    8.323
 5.600    9.174
 5.610   10.032
 5.620   10.892
 5.630   11.746
 5.640   12.589
 5.650   13.415
 5.660   14.218
 5.670   14.991
 5.680   15.730
 5.690   16.430
 5.700   17.084
 5.710   17.688
 5.720   18.239
 5.730   18.731
 5.740   19.162
 5.750   19.528
 5.760   19.828
 5.770   20.057
 5.780   20.216
 5.790   20.303
 5.800   20.316
 5.810   20.257
 5.820   20.125
 5.830   19.922
 5.840   19.649
 5.850   19.307
 5.860   18.900
 5.870   18.430
 5.880   17.901
 5.890   17.316
 5.900   16.680
 5.910   15.998
 5.920   15.273
 5.930   14.512
 5.940   13.719
 5.950   12.902
 5.960   12.064
 5.970   11.213
 5.980   10.355
 5.990    9.495
 6.000    8.641
 6.010    7.797
 6.020    6.971
 6.030    6.168
 6.040    5.394
 6.050    4.654
 6.060    3.954
 6.070    3.299
 6.080    2.693
 6.090    2.142
 6.100    1.648
 6.110    1.215
 6.120    0.848
 6.130    0.547
 6.140    0.316
 6.150    0.156
 6.160    0.068
 6.170    0.052
 6.180    0.110
 6.190    0.240
 6.200    0.442
 6.210    0.714
 6.220    1.054
 6.230    1.460
 6.240    1.928
 6.250    2.456
 6.260    3.040
 6.270    3.675
 6.280    4.356
 6.290    5.080
 6.300    5.841
 6.310    6.633
 6.320    7.450
 6.330    8.287
 6.340    9.138
 6.350    9.996
 6.360   10.855
 6.370   11.710
 6.380   12.554
 6.390   13.381
 6.400   14.184
 6.410   14.959
 6.420   15.700
 6.430   16.401
 6.440   17.057
 6.450   17.663
 6.460   18.216
 6.470   18.711
 6.480   19.145
 6.490   19.514
 6.500   19.816
 6.510   20.049
 6.520   20.211
 6.530   20.300
 6.540   20.317
 6.550   20.261
 6.560   20.132
 6.570   19.932
 6.580   19.662
 6.590   19.323
 6.600   18.919
 6.610   18.451
 6.620   17.925
 6.630   17.342
 6.640   16.708
 6.650   16.027
 6.660   15.305
 6.670   14.545
 6.680   13.754
 6.690   12.937
 6.700   12.100
 6.710   11.250
 6.720   10.391
 6.730    9.532
 6.740    8.677
 6.750    7.833
 6.760    7.006
 6.770    6.202
 6.780    5.426
 6.790    4.685
 6.800    3.983
 6.810    3.326
 6.820    2.718
 6.830    2.164
 6.840    1.668
 6.850    1.233
 6.860    0.862
 6.870    0.558
 6.880    0.324
 6.890    0.161
 6.900    0.070
 6.910    0.051
 6.920    0.106
 6.930    0.233
 6.940    0.432
 6.950    0.701
 6.960    1.038
 6.970    1.441
 6.980    1.907
 6.990    2.432
 7.000    3.014
 7.010    3.647
 7.020    4.327
 7.030    5.049
 7.040    5.808
 7.050    6.598
 7.060    7.415
 7.070    8.251
 7.080    9.101
 7.090    9.959
 7.100   10.819
 7.110   11.674
 7.120   12.518
 7.130   13.346
 7.140   14.151
 7.150   14.927
 7.160   15.669
 7.170   16.372
 7.180   17.030
 7.190   17.639
 7.200   18.194
 7.210   18.692
 7.220   19.128
 7.230   19.500
 7.240   19.805
 7.250   20.041
 7.260   20.205
 7.270   20.298
 7.280   20.318
 7.290   20.265
 7.300   20.139
 7.310   19.942
 7.320   19.675
 7.330   19.339
 7.340   18.937
 7.350   18.473
 7.360   17.948
 7.370   17.368
 7.380   16.736
 7.390   16.057
 7.400   15.336
 7.410   14.578
 7.420   13.788
 7.430   12.972
 7.440   12.136
 7.450   11.286
 7.460   10.428
 7.470    9.568
 7.480    8.713
 7.490    7.869
 7.500    7.041
 7.510    6.235
 7.520    5.458
 7.530    4.715
 7.540    4.012
 7.550    3.353
 7.560    2.743
 7.570    2.186
 7.580    1.687
 7.590    1.250
 7.600    0.876
 7.610    0.570
 7.620    0.333
 7.630    0.166
 7.640    0.072
 7.650    0.051
 7.660    0.102
 7.670    0.226
 7.680    0.422
 7.690    0.688
 7.700    1.022
 7.710    1.423
 7.720    1.886
 7.730    2.409
 7.740    2.988
 7.750    3.619
 7.760    4.297
 7.770    5.017
 7.780    5.775
 7.790    6.564
 7.800    7.380
 7.810    8.215
 7.820    9.065
 7.830    9.923
 7.840   10.782
 7.850   11.638
 7.860   12.483
 7.870   13.311
 7.880   14.117
 7.890   14.895
 7.900   15.638
 7.910   16.343
 7.920   17.003
 7.930   17.614
 7.940   18.171
 7.950   18.672
 7.960   19.111
 7.970   19.485
 7.980   19.793
 7.990   20.032
 8.000   20.200
 8.010   20.296
 8.020   20.319
 8.030   20.269
 8.040   20.146
 8.050   19.952
 8.060   19.687
 8.070   19.354
 8.080   18.956
 8.090   18.494
 8.100   17.972
 8.110   17.394
 8.120   16.764
 8.130   16.087
 8.140   15.368
 8.150   14.611
 8.160   13.822
 8.170   13.007
 8.180   12.172
 8.190   11.322
 8.200   10.465
 8.210    9.605
 8.220    8.749
 8.230    7.904
 8.240    7.075
 8.250    6.269
 8.260    5.491
 8.270    4.746
 8.280    4.041
 8.290    3.380
 8.300    2.768
 8.310    2.209
 8.320    1.707
 8.330    1.267
 8.340    0.891
 8.350    0.582
 8.360    0.341
 8.370    0.172
 8.380    0.075
 8.390    0.050
 8.400    0.099
 8.410    0.220
 8.420    0.412
 8.430    0.675
 8.440    1.007
 8.450    1.404
 8.460    1.865
 8.470    2.386
 8.480    2.962
 8.490    3.591
 8.500    4.267
 8.510    4.986
 8.520    5.742
 8.530    6.530
 8.540    7.344
 8.550    8.179
 8.560    9.029
 8.570    9.886
 8.580   10.746
 8.590   11.602
 8.600   12.447
 8.610   13.276
 8.620   14.083
 8.630   14.862
 8.640   15.607
 8.650   16.314
 8.660   16.976
 8.670   17.589
 8.680   18.149
 8.690   18.652
 8.700   19.093
 8.710   19.471
 8.720   19.782
 8.730   20.023
 8.740   20.194
 8.750   20.293
 8.760   20.319
 8.770   20.272
 8.780   20.153
 8.790   19.962
 8.800   19.700
 8.810   19.370
 8.820   18.974
 8.830   18.515
 8.840   17.995
 8.850   17.420
 8.860   16.792
 8.870   16.117
 8.880   15.399
 8.890   14.644
 8.900   13.856
 8.910   13.042
 8.920   12.208
 8.930   11.359
 8.940   10.501
 8.950    9.642
 8.960    8.786
 8.970    7.940
 8.980    7.110
 8.990    6.303
 9.000    5.523
 9.010    4.777
 9.020    4.070
 9.030    3.407
 9.040    2.793
 9.050    2.231
 9.060    1.728
 9.070    1.285
 9.080    0.906
 9.090    0.593
 9.100    0.350
 9.110    0.178
 9.120    0.077
 9.130    0.050
 9.140    0.095
 9.150    0.213
 9.160    0.403
 9.170    0.663
 9.180    0.991
 9.190    1.386
 9.200    1.844
 9.210    2.362
 9.220    2.937
 9.230    3.563
 9.240    4.237
 9.250    4.954
 9.260    5.709
 9.270    6.496
 9.280    7.309
 9.290    8.143
 9.300    8.992
 9.310    9.850
 9.320   10.709
 9.330   11.565
 9.340   12.411
 9.350   13.241
 9.360   14.050
 9.370   14.830
 9.380   15.577
 9.390   16.285
 9.400   16.949
 9.410   17.564
 9.420   18.126
 9.430   18.631
 9.440   19.076
 9.450   19.456
 9.460   19.770
 9.470   20.014
 9.480   20.188
 9.490   20.290
 9.500   20.320
 9.510   20.276
 9.520   20.159
 9.530   19.971
 9.540   19.713
 9.550   19.385
 9.560   18.992
 9.570   18.535
 9.580   18.018
 9.590   17.445
 9.600   16.820
 9.610   16.146
 9.620   15.430
 9.630   14.676
 9.640   13.890
 9.650   13.077
 9.660   12.244
 9.670   11.395
 9.680   10.538
 9.690    9.678
 9.700    8.822
 9.710    7.975
 9.720    7.145
 9.730    6.336
 9.740    5.556
 9.750    4.808
 9.760    4.099
 9.770    3.434
 9.780    2.818
 9.790    2.254
 9.800    1.748
 9.810    1.302
 9.820    0.920
 9.830    0.605
 9.840    0.359
 9.850    0.184
 9.860    0.080
 9.870    0.049
 9.880    0.092
 9.890    0.206
 9.900    0.393
 9.910    0.650
 9.920    0.976
 9.930    1.368
 9.940    1.823
 9.950    2.339
 9.960    2.911
 9.970    3.536
 9.980    4.208
 9.990    4.923
10.000    5.676
