   1.9999999552965164E-002   1.0000000000000000     
   3.9999999105930328E-002  0.98420863278531656     
   5.9999998658895493E-002  0.95262589835594957     
   7.9999998211860657E-002  0.90550116399040814     
   9.9999997764825821E-002  0.84333316424571014     
  0.11999999731779099       0.76686606310711625     
  0.13999999687075615       0.67708157828759741     
  0.15999999642372131       0.57518722986107540     
  0.17999999597668648       0.46260083759751652     
  0.19999999552965164       0.34093145257002483     
  0.21999999508261681       0.21195696784221060     
  0.23999999463558197        7.7598709351827666E-002
  0.25999999418854713       -6.0106639451462489E-002
  0.27999999374151230      -0.19903737796951285     
  0.29999999329447746      -0.33701895047194458     
  0.31999999284744263      -0.47185745064941198     
  0.33999999240040779      -0.60137396082166972     
  0.35999999195337296      -0.72343919671773815     
  0.37999999150633812      -0.83600791556512288     
  0.39999999105930328      -0.93715254039964224     
  0.41999999061226845       -1.0250954572450905     
  0.43999999016523361       -1.0982394541889147     
  0.45999998971819878       -1.1551957923372778     
  0.47999998927116394       -1.1948094279748900     
  0.49999998882412910       -1.2161809426508472     
  0.51999998837709427       -1.2186847828980869     
  0.53999998793005943       -1.2019834632804272     
  0.55999998748302460       -1.1660374447370769     
  0.57999998703598976       -1.1111104639390885     
  0.59999998658895493       -1.0377701576651857     
  0.61999998614192009      -0.94688389803914330     
  0.63999998569488525      -0.83960982876897006     
  0.65999998524785042      -0.71738316815518977     
  0.67999998480081558      -0.58189792041826116     
  0.69999998435378075      -0.43508421163936095     
  0.71999998390674591      -0.27908153911767530     
  0.73999998345971107      -0.11620829204068145     
  0.75999998301267624        5.1072034103358678E-002
  0.77999998256564140       0.22018744806040438     
  0.79999998211860657       0.38849636477252308     
  0.81999998167157173       0.55332822063625586     
  0.83999998122453690       0.71202518774229617     
  0.85999998077750206       0.86198434572602189     
  0.87999998033046722        1.0006996525040051     
  0.89999997988343239        1.1258030479453200     
  0.91999997943639755        1.2351040277023382     
  0.93999997898936272        1.3266270381178418     
  0.95999997854232788        1.3986460672835630     
  0.97999997809529305        1.4497158417334377     
  0.99999997764825821        1.4786990825314648     
   1.0199999772012234        1.4847893281157349     
   1.0399999767541885        1.4675288934877353     
   1.0599999763071537        1.4268216053430169     
   1.0799999758601189        1.3629400295430756     
   1.0999999754130840        1.2765269898233185     
   1.1199999749660492        1.1685912636054552     
   1.1399999745190144        1.0404974309318373     
   1.1599999740719795       0.89394994449075471     
   1.1799999736249447       0.73097158103189264     
   1.1999999731779099       0.55387652572803114     
   1.2199999727308750       0.36523842976459731     
   1.2399999722838402       0.16785386619179904     
   1.2599999718368053       -3.5298311546326351E-002
   1.2799999713897705      -0.24110113132389080     
   1.2999999709427357      -0.44634654250176892     
   1.3199999704957008      -0.64778463717903578     
   1.3399999700486660      -0.84217430969865292     
   1.3599999696016312       -1.0263345771365453     
   1.3799999691545963       -1.1971957607912138     
   1.3999999687075615       -1.3518497182531921     
   1.4199999682605267       -1.4875983178286540     
   1.4399999678134918       -1.6019993620841135     
   1.4599999673664570       -1.6929091950347952     
   1.4799999669194221       -1.7585212677811179     
   1.4999999664723873       -1.7973999897675321     
   1.5199999660253525       -1.8085092566595840     
   1.5399999655783176       -1.7912351202815482     
   1.5599999651312828       -1.7454021501204469     
   1.5799999646842480       -1.6712831284071419     
   1.5999999642372131       -1.5696018204039868     
   1.6199999637901783       -1.4415286668004494     
   1.6399999633431435       -1.2886693544700771     
   1.6599999628961086       -1.1130463336117657     
   1.6799999624490738      -0.91707346175870830     
   1.6999999620020390      -0.70352406652463029     
   1.7199999615550041      -0.47549282749307953     
   1.7399999611079693      -0.23635198158267093     
   1.7599999606609344        1.0297546174629038E-002
   1.7799999602138996       0.26067939486501907     
   1.7999999597668648       0.51089863122235535     
   1.8199999593198299       0.75700138353007662     
   1.8399999588727951       0.99503634794268658     
   1.8599999584257603        1.2211172255259497     
   1.8799999579787254        1.4314851187468922     
   1.8999999575316906        1.6225699014473791     
   1.9199999570846558        1.7910495769753789     
   1.9399999566376209        1.9339066553581303     
   1.9599999561905861        2.0484806121711601     
   1.9799999557435513        2.1325155388305093     
   1.9999999552965164        2.1842021559109042     
   2.0199999548494816        2.2022134370266078     
   2.0399999544024467        2.1857331798272188     
   2.0599999539554119        2.1344769615586325     
   2.0799999535083771        2.0487050280140768     
   2.0999999530613422        1.9292267849582669     
   2.1199999526143074        1.7773966884905184     
   2.1399999521672726        1.5951014634210907     
   2.1599999517202377        1.3847387145575469     
   2.1799999512732029        1.1491871327404417     
   2.1999999508261681       0.89176863338536938     
   2.2199999503791332       0.61620289801880357     
   2.2399999499320984       0.32655491669191294     
   2.2599999494850636        2.7176249123655238E-002
   2.2799999490380287      -0.27735916704984481     
   2.2999999485909939      -0.58232373335277421     
   2.3199999481439590      -0.88290841919846086     
   2.3399999476969242       -1.1742974171329483     
   2.3599999472498894       -1.4517440840029372     
   2.3799999468028545       -1.7106469891397253     
   2.3999999463558197       -1.9466248703442788     
   2.4199999459087849       -2.1555892967686341     
   2.4399999454617500       -2.3338138550361474     
   2.4599999450147152       -2.4779987111543460     
   2.4799999445676804       -2.5853294556769524     
   2.4999999441206455       -2.6535292125942083     
   2.5199999436736107       -2.6809030827059317     
   2.5399999432265759       -2.6663740986066902     
   2.5599999427795410       -2.6095099894614622     
   2.5799999423325066       -2.5105401877934153     
   2.5999999418854718       -2.3703626556313977     
   2.6199999414384374       -2.1905402614567140     
   2.6399999409914030       -1.9732866001549825     
   2.6599999405443682       -1.7214413131860391     
   2.6799999400973338       -1.4384351328942342     
   2.6999999396502989       -1.1282450406873816     
   2.7199999392032645      -0.79534009108249415     
   2.7399999387562302      -0.44461860973196671     
   2.7599999383091953       -8.1337620942595792E-002
   2.7799999378621609       0.28896450358353465     
   2.7999999374151265       0.66055106035033839     
   2.8199999369680917        1.0275744725290459     
   2.8399999365210573        1.3841668803497127     
   2.8599999360740229        1.7245324823342385     
   2.8799999356269881        2.0430401968247591     
   2.8999999351799537        2.3343151856130904     
   2.9199999347329189        2.5933277764190024     
   2.9399999342858845        2.8154783389340863     
   2.9599999338388501        2.9966767102236989     
   2.9799999333918152        3.1334148291782165     
   2.9999999329447808        3.2228313257779018     
   3.0199999324977465        3.2627669181740990     
   3.0399999320507116        3.2518095976339523     
   3.0599999316036772        3.1893287265529975     
   3.0799999311566428        3.0754973360035729     
   3.0999999307096080        2.9113020843648107     
   3.1199999302625736        2.6985405249254355     
   3.1399999298155388        2.4398055251989823     
   3.1599999293685044        2.1384568810997266     
   3.1799999289214700        1.7985803720196403     
   3.1999999284744352        1.4249347050573413     
   3.2199999280274008        1.0228869949753583     
   3.2399999275803664       0.59833761770886806     
   3.2599999271333315       0.15763545628559786     
   3.2799999266862971      -0.29251527417727197     
   3.2999999262392627      -0.74515528401640185     
   3.3199999257922279       -1.1931760777450946     
   3.3399999253451935       -1.6294298507519227     
   3.3599999248981587       -2.0468417421633021     
   3.3799999244511243       -2.4385227084508911     
   3.3999999240040899       -2.7978812451576371     
   3.4199999235570551       -3.1187321743138905     
   3.4399999231100207       -3.3954007333047835     
   3.4599999226629863       -3.6228202472868376     
   3.4799999222159514       -3.7966217414482704     
   3.4999999217689171       -3.9132139507320063     
   3.5199999213218827       -3.9698523119212816     
   3.5399999208748478       -3.9646956746249256     
   3.5599999204278134       -3.8968496416829601     
   3.5799999199807786       -3.7663956434485253     
   3.5999999195337442       -3.5744050615418672     
   3.6199999190867098       -3.3229379429537294     
   3.6399999186396750       -3.0150260814647605     
   3.6599999181926406       -2.6546404866870046     
   3.6799999177456062       -2.2466435078949902     
   3.6999999172985714       -1.7967261263547354     
   3.7199999168515370       -1.3113311721808261     
   3.7399999164045026      -0.79756345596143341     
   3.7599999159574677      -0.26308802766207207     
   3.7799999155104334       0.28398201804738832     
   3.7999999150633985       0.83520658341144727     
   3.8199999146163641        1.3819466844461530     
   3.8399999141693297        1.9154977316220874     
   3.8599999137222949        2.4272259512328183     
   3.8799999132752605        2.9087058427646117     
   3.8999999128282261        3.3518565179874784     
   3.9199999123811913        3.7490747511277536     
   3.9399999119341569        4.0933625871415584     
   3.9599999114871225        4.3784474070450061     
   3.9799999110400877        4.5988924351920550     
   3.9999999105930533        4.7501957925042779     
   4.0199999101460184        4.8288763505915524     
   4.0399999096989845        4.8325448225777476     
   4.0599999092519496        4.7599587348774515     
   4.0799999088049148        4.6110601573024121     
   4.0999999083578809        4.3869953234181827     
   4.1199999079108460        4.0901155453409945     
   4.1399999074638112        3.7239591131426111     
   4.1599999070167764        3.2932141644172628     
   4.1799999065697424        2.8036628098438126     
   4.1999999061227076        2.2621071010834521     
   4.2199999056756727        1.6762777233466968     
   4.2399999052286388        1.0547265816977895     
   4.2599999047816040       0.40670472296572102     
   4.2799999043345691      -0.25797271052902510     
   4.2999999038875352      -0.92907256765206903     
   4.3199999034405003       -1.5960986829717818     
   4.3399999029934655       -2.2484534722066121     
   4.3599999025464315       -2.8756036810277621     
   4.3799999020993967       -3.4672477354041673     
   4.3999999016523619       -4.0134820760895673     
   4.4199999012053279       -4.5049638345609209     
   4.4399999007582931       -4.9330672237591937     
   4.4599999003112583       -5.2900310747570467     
   4.4799998998642243       -5.5690950497297989     
   4.4999998994171895       -5.7646222014239763     
   4.5199998989701546       -5.8722057281343938     
   4.5399998985231207       -5.8887579888082087     
   4.5599998980760859       -5.8125800924688855     
   4.5799998976290510       -5.6434106562898911     
   4.5999998971820162       -5.3824526334059613     
   4.6199998967349822       -5.0323774405053001     
   4.6399998962879474       -4.5973059615548850     
   4.6599998958409126       -4.0827663624785622     
   4.6799998953938786       -3.4956290167650725     
   4.6999998949468438       -2.8440192081699265     
   4.7199998944998089       -2.1372086381247399     
   4.7399998940527750       -1.3854871163977289     
   4.7599998936057402      -0.60001614825169658     
   4.7799998931587053       0.20733355572058529     
   4.7999998927116714        1.0241583350246497     
   4.8199998922646365        1.8377090340144042     
   4.8399998918176017        2.6350868726498056     
   4.8599998913705678        3.4034447730953445     
   4.8799998909235329        4.1301910490922786     
   4.8999998904764981        4.8031922788823689     
   4.9199998900294641        5.4109721451494437     
   4.9399998895824293        5.9429030383379553     
   4.9599998891353945        6.3893872833939884     
   4.9799998886883605        6.7420249642503682     
   4.9999998882413257        6.9937654842378452     
   5.0199998877942908        7.1390402122442813     
   5.0399998873472560        7.1738738212757385     
   5.0599998869002221        7.0959722247552541     
   5.0799998864531872        6.9047853523712002     
   5.0999998860061524        6.6015433768408416     
   5.1199998855591184        6.1892654002726220     
   5.1399998851120836        5.6727400280570466     
   5.1599998846650488        5.0584776931166315     
   5.1799998842180148        4.3546350372797340     
   5.1999998837709800        3.5709121026435464     
   5.2199998833239452        2.7184235270477477     
   5.2399998828769112        1.8095453671477473     
   5.2599998824298764       0.85773958308710097     
   5.2799998819828415      -0.12264139635780473     
   5.2999998815358076       -1.1165672565338083     
   5.3199998810887728       -2.1085564413842044     
   5.3399998806417379       -3.0829135026667833     
   5.3599998801947040       -4.0239735748905776     
   5.3799998797476691       -4.9163502279026554     
   5.3999998793006343       -5.7451828365314528     
   5.4199998788536004       -6.4963795533554469     
   5.4399998784065655       -7.1568519782922762     
   5.4599998779595307       -7.7147376881361076     
   5.4799998775124958       -8.1596069202895922     
   5.4999998770654619       -8.4826498966447605     
   5.5199998766184271       -8.6768415237941632     
   5.5399998761713922       -8.7370805114720529     
   5.5599998757243583       -8.6603003083840946     
   5.5799998752773234       -8.4455496585552261     
   5.5999998748302886       -8.0940410263672273     
   5.6199998743832547       -7.6091656181911391     
   5.6399998739362198       -6.9964742359169723     
   5.6599998734891850       -6.2636237251686051     
   5.6799998730421510       -5.4202893205528015     
   5.6999998725951162       -4.4780437335982564     
   5.7199998721480814       -3.4502043675730349     
   5.7399998717010474       -2.3516505685471514     
   5.7599998712540126       -1.1986133253872173     
   5.7799998708069777       -8.4403045387359786E-003
   5.7999998703599438        1.2006604594793480     
   5.8199998699129090        2.4098945074458067     
   5.8399998694658741        3.6001684851964764     
   5.8599998690188402        4.7523869338314206     
   5.8799998685718053        5.8477537998818967     
   5.8999998681247705        6.8680739787139773     
   5.9199998676777357        7.7960501299110616     
   5.9399998672307017        8.6155700028526621     
   5.9599998667836669        9.3119795853687553     
   5.9799998663366321        9.8723375382059917     
   5.9999998658895981        10.285646601915033     
   6.0199998654425633        10.543057958290960     
   6.0399998649955284        10.638044892135586     
   6.0599998645484945        10.566542526195146     
   6.0799998641014597        10.327050886916707     
   6.0999998636544248        9.9206990944175502     
   6.1199998632073909        9.3512690491183701     
   6.1399998627603560        8.6251776013928634     
   6.1599998623133212        7.7514168301894246     
   6.1799998618662872        6.7414527121905286     
   6.1999998614192524        5.6090831245920336     
   6.2199998609722176        4.3702567816549136     
   6.2399998605251836        3.0428553473596769     
   6.2599998600781488        1.6464415834028667     
   6.2799998596311140       0.20197697327473665     
   6.2999998591840800       -1.2684872004944330     
   6.3199998587370452       -2.7421408668174942     
   6.3399998582900103       -4.1957633859504222     
   6.3599998578429755       -5.6060837517010444     
   6.3799998573959416       -6.9501472770781998     
   6.3999998569489067       -8.2056830752959726     
   6.4199998565018719       -9.3514665456652715     
   6.4399998560548379       -10.367671061345259     
   6.4599998556078031       -11.236203134806820     
   6.4799998551607683       -11.941015507377630     
   6.4999998547137343       -12.468392870147927     
   6.5199998542666995       -12.807205272124994     
   6.5399998538196646       -12.949124703712615     
   6.5599998533726307       -12.888800853854278     
   6.5799998529255959       -12.623992620690887     
   6.5999998524785610       -12.155652600287356     
   6.6199998520315271       -11.487962476695040     
   6.6399998515844922       -10.628317979157465     
   6.6599998511374574       -9.5872628476018953     
   6.6799998506904235       -8.3783720439630258     
   6.6999998502433886       -7.0180852521139832     
   6.7199998497963538       -5.5254925106574824     
   6.7399998493493198       -3.9220746078408952     
   6.7599998489022850       -2.2314016237465322     
   6.7799998484552502      -0.47879371927636805     
   6.7999998480082153        1.3090510676378184     
   6.8199998475611814        3.1044566619931824     
   6.8399998471141465        4.8791905502367037     
   6.8599998466671117        6.6049008233286202     
   6.8799998462200778        8.2535620067313360     
   6.8999998457730429        9.7979227758163034     
   6.9199998453260081        11.211948516423817     
   6.9399998448789741        12.471251660537304     
   6.9599998444319393        13.553502808435816     
   6.9799998439849045        14.438815841736053     
   6.9999998435378705        15.110100535143037     
   7.0199998430908357        15.553376585447976     
   7.0399998426438009        15.758043489551687     
   7.0599998421967669        15.717101312566330     
   7.0799998417497321        15.427318084252509     
   7.0999998413026972        14.889340337561569     
   7.1199998408556633        14.107744145864471     
   7.1399998404086285        13.091024913312539     
   7.1599998399615936        11.851525112382461     
   7.1799998395145597        10.405300129829694     
   7.1999998390675248        8.7719233621732524     
   7.2199998386204900        6.9742326791876765     
   7.2399998381734552        5.0380213332109625     
   7.2599998377264212        2.9916773179565497     
   7.2799998372793864       0.86577605779399347     
   7.2999998368323515       -1.3073678774842539     
   7.3199998363853176       -3.4941836004168070     
   7.3399998359382828       -5.6603541971113254     
   7.3599998354912479       -7.7713468574561366     
   7.3799998350442140       -9.7929547861091883     
   7.3999998345971791       -11.691842522783475     
   7.4199998341501443       -13.436086114313518     
   7.4399998337031104       -14.995699527150036     
   7.4599998332560755       -16.343138770227320     
   7.4799998328090407       -17.453775415430322     
   7.4999998323620067       -18.306331554872134     
   7.5199998319149719       -18.883268717446271     
   7.5399998314679371       -19.171123876083673     
   7.5599998310209031       -19.160786404190336     
   7.5799998305738683       -18.847710675251577     
   7.5999998301268334       -18.232059932082134     
   7.6199998296797995       -17.318778068483681     
   7.6399998292327647       -16.117587051417605     
   7.6599998287857298       -14.642908850162495     
   7.6799998283386950       -12.913711913163823     
   7.6999998278916610       -10.953283425421096     
   7.7199998274446262       -8.7889297707529668     
   7.7399998269975914       -6.4516087953075063     
   7.7599998265505574       -3.9754986024280217     
   7.7799998261035226       -1.3975086859363546     
   7.7999998256564878        1.2432597888477144     
   7.8199998252094538        3.9060968364771140     
   7.8399998247624190        6.5493011122375702     
   7.8599998243153841        9.1308227784771017     
   7.8799998238683502        11.608922025853754     
   7.8999998234213153        13.942833097763280     
   7.9199998229742805        16.093423418995922     
   7.9399998225272466        18.023837342768740     
   7.9599998220802117        19.700114107590807     
   7.9799998216331769        21.091769838315486     
   7.9999998211861429        22.172333832996035     
   8.0199998207391072        22.919829944952159     
   8.0399998202920742        23.317194591344890     
   8.0599998198450393        23.352623786578782     
   8.0799998193980045        23.019842599604516     
   8.0999998189509697        22.318291554990033     
   8.1199998185039348        21.253225722660982     
   8.1399998180569000        19.835723552782714     
   8.1599998176098669        18.082603891021350     
   8.1799998171628321        16.016251034669047     
   8.1999998167157973        13.664349140075961     
   8.2199998162687624        11.059528743991862     
   8.2399998158217276        8.2389295928871800     
   8.2599998153746927        5.2436853621647748     
   8.2799998149276597        2.1183371687851653     
   8.2999998144806248       -1.0898159857066485     
   8.3199998140335900       -4.3314205803152621     
   8.3399998135865552       -7.5558154904971495     
   8.3599998131395203       -10.711811347734042     
   8.3799998126924855       -13.748490547954098     
   8.3999998122454507       -16.616015601647675     
   8.4199998117984176       -19.266433192450904     
   8.4399998113513828       -21.654461179243604     
   8.4599998109043479       -23.738245844577143     
   8.4799998104573131       -25.480076961593142     
   8.4999998100102783       -26.847048721444988     
   8.5199998095632434       -27.811655229337919     
   8.5399998091162104       -28.352310132240014     
   8.5599998086691755       -28.453780974567461     
   8.5799998082221407       -28.107530076212115     
   8.5999998077751059       -27.311955073841201     
   8.6199998073280710       -26.072523742539062     
   8.6399998068810362       -24.401799299314956     
   8.6599998064340031       -22.319354059458863     
   8.6799998059869683       -19.851571046168281     
   8.6999998055399335       -17.031334916930248     
   8.7199998050928986       -13.897615339513795     
   8.7399998046458638       -10.494947698267834     
   8.7599998041988290       -6.8728177097871939     
   8.7799998037517941       -3.0849581483043083     
   8.7999998033047611       0.81143260143340701     
   8.8199998028577262        4.7565390581329252     
   8.8399998024106914        8.6888318846532435     
   8.8599998019636566        12.546012456235600     
   8.8799998015166217        16.265984492860746     
   8.8999998010695869        19.787837839709482     
   8.9199998006225538        23.052829052323109     
   8.9399998001755190        26.005343251225273     
   8.9599997997284841        28.593821761224881     
   8.9799997992814493        30.771640346400499     
   8.9999997988344145        32.497923392073403     
   9.0199997983873796        33.738280165238130     
   9.0399997979403466        34.465450296403972     
   9.0599997974933117        34.659846856288667     
   9.0799997970462769        34.309986834323425     
   9.0999997965992421        33.412800443045839     
   9.1199997961522072        31.973812450536496     
   9.1399997957051724        30.007190656560077     
   9.1599997952581393        27.535658648923818     
   9.1799997948111045        24.590272074548796     
   9.1999997943640697        21.210059802950447     
   9.2199997939170348        17.441533515113917     
   9.2399997934700000        13.338071384283602     
   9.2599997930229652        8.9591835929289125     
   9.2799997925759303        4.3696694184093401     
   9.2999997921288973      -0.36132251416994016     
   9.3199997916818624       -5.1613175011420944     
   9.3399997912348276       -9.9556067116100593     
   9.3599997907877928       -14.668391662105916     
   9.3799997903407579       -19.223963971173774     
   9.3999997898937231       -23.547902321056515     
   9.4199997894466900       -27.568267996548606     
   9.4399997889996552       -31.216780099353393     
   9.4599997885526204       -34.429951558751874     
   9.4799997881055855       -37.150167380341443     
   9.4999997876585507       -39.326687193683000     
   9.5199997872115159       -40.916555071834630     
   9.5399997867644828       -41.885400791173822     
   9.5599997863174480       -42.208118164213850     
   9.5799997858704131       -41.869407792426259     
   9.5999997854233783       -40.864173527266814     
   9.6199997849763434       -39.197764068595838     
   9.6399997845293086       -36.886053439831244     
   9.6599997840822738       -33.955356524664928     
   9.6799997836352407       -30.442178394529797     
   9.6999997831882059       -26.392798760608184     
   9.7199997827411710       -21.862695508843647     
   9.7399997822941362       -16.915813880027105     
   9.7599997818471014       -11.623690398127602     
   9.7799997814000665       -6.0644430875133502     
   9.7999997809530335      -0.32164181343247494     
   9.8199997805059986        5.5169253083958729     
   9.8399997800589638        11.360571594211729     
   9.8599997796119290        17.117098086586726     
   9.8799997791648941        22.694225621148824     
   9.8999997787178593        28.001050774175873     
   9.9199997782708262        32.949503076766483     
   9.9399997778237914        37.455780504185086     
   9.9599997773767566        41.441740228977125     
   9.9799997769297217        44.836221969514995     
   9.9999997764826869        47.576281972081567     
