   1.9999999552965164E-002   1.0157913672146834     
   3.9999999105930328E-002   1.0318321017078760     
   5.9999998658895493E-002   1.0481261413298437     
   7.9999998211860657E-002   1.0646774861148927     
   9.9999997764825821E-002   1.0814901992633390     
  0.11999999731779099        1.0985684081389875     
  0.13999999687075615        1.1159163052823606     
  0.15999999642372131        1.1335381494399270     
  0.17999999597668648        1.1514382666095857     
  0.19999999552965164        1.1696210511026564     
  0.21999999508261681        1.1880909666226427     
  0.23999999463558197        1.2068525473610294     
  0.25999999418854713        1.2259103991103835     
  0.27999999374151230        1.2452692003950350     
  0.29999999329447746        1.2649337036196082     
  0.31999999284744263        1.2849087362356948     
  0.33999999240040779        1.3051992019269476     
  0.35999999195337296        1.3258100818128880     
  0.37999999150633812        1.3467464356717245     
  0.39999999105930328        1.3680134031824829     
  0.41999999061226845        1.3896162051867460     
  0.43999999016523361        1.4115601449703250     
  0.45999998971819878        1.4338506095651633     
  0.47999998927116394        1.4564930710718043     
  0.49999998882412910        1.4794930880027415     
  0.51999998837709427        1.5028563066469789     
  0.53999998793005943        1.5265884624561441     
  0.55999998748302460        1.5506953814524882     
  0.57999998703598976        1.5751829816591183     
  0.59999998658895493        1.6000572745528174     
  0.61999998614192009        1.6253243665398063     
  0.63999998569488525        1.6509904604548091     
  0.65999998524785042        1.6770618570837905     
  0.67999998480081558        1.7035449567107397     
  0.69999998435378075        1.7304462606888806     
  0.71999998390674591        1.7577723730366950     
  0.73999998345971107        1.7855300020591431     
  0.75999998301267624        1.8137259619944937     
  0.77999998256564140        1.8423671746871535     
  0.79999998211860657        1.8714606712869173     
  0.81999998167157173        1.9010135939750472     
  0.83999998122453690        1.9310331977176121     
  0.85999998077750206        1.9615268520465154     
  0.87999998033046722        1.9925020428686437     
  0.89999997988343239        2.0239663743035896     
  0.91999997943639755        2.0559275705503892     
  0.93999997898936272        2.0883934777837427     
  0.95999997854232788        2.1213720660801756     
  0.97999997809529305        2.1548714313746196     
  0.99999997764825821        2.1888997974478870     
   1.0199999772012234        2.2234655179455327     
   1.0399999767541885        2.2585770784285968     
   1.0599999763071537        2.2942430984567297     
   1.0799999758601189        2.3304723337042130     
   1.0999999754130840        2.3672736781093970     
   1.1199999749660492        2.4046561660580767     
   1.1399999745190144        2.4426289746013530     
   1.1599999740719795        2.4812014257085089     
   1.1799999736249447        2.5203829885554678     
   1.1999999731779099        2.5601832818493890     
   1.2199999727308750        2.6006120761899663     
   1.2399999722838402        2.6416792964680220     
   1.2599999718368053        2.6833950243019755     
   1.2799999713897705        2.7257695005127824     
   1.2999999709427357        2.7688131276379639     
   1.3199999704957008        2.8125364724853310     
   1.3399999700486660        2.8569502687270374     
   1.3599999696016312        2.9020654195345945     
   1.3799999691545963        2.9478930002555002     
   1.3999999687075615        2.9944442611321294     
   1.4199999682605267        3.0417306300635683     
   1.4399999678134918        3.0897637154110531     
   1.4599999673664570        3.1385553088477134     
   1.4799999669194221        3.1881173882533216     
   1.4999999664723873        3.2384621206547477     
   1.5199999660253525        3.2896018652128496     
   1.5399999655783176        3.3415491762565335     
   1.5599999651312828        3.3943168063647238     
   1.5799999646842480        3.4479177094970010     
   1.5999999642372131        3.5023650441736787     
   1.6199999637901783        3.5576721767060970     
   1.6399999633431435        3.6138526844779255     
   1.6599999628961086        3.6709203592782860     
   1.6799999624490738        3.7288892106875076     
   1.6999999620020390        3.7877734695163454     
   1.7199999615550041        3.8475875912995137     
   1.7399999611079693        3.9083462598443841     
   1.7599999606609344        3.9700643908357209     
   1.7799999602138996        4.0327571354973468     
   1.7999999597668648        4.0964398843116205     
   1.8199999593198299        4.1611282707976605     
   1.8399999588727951        4.2268381753492275     
   1.8599999584257603        4.2935857291332100     
   1.8799999579787254        4.3613873180496778     
   1.8999999575316906        4.4302595867544641     
   1.9199999570846558        4.5002194427452755     
   1.9399999566376209        4.5712840605123244     
   1.9599999561905861        4.6434708857545033     
   1.9799999557435513        4.7167976396621434     
   1.9999999552965164        4.7912823232674011     
   2.0199999548494816        4.8669432218633384     
   2.0399999544024467        4.9437989094927968     
   2.0599999539554119        5.0218682535081482     
   2.0799999535083771        5.1011704192030560     
   2.0999999530613422        5.1817248745173723     
   2.1199999526143074        5.2635513948163357     
   2.1399999521672726        5.3466700677452392     
   2.1599999517202377        5.4311012981607618     
   2.1799999512732029        5.5168658131401633     
   2.1999999508261681        5.6039846670695930     
   2.2199999503791332        5.6924792468127432     
   2.2399999499320984        5.7823712769611282     
   2.2599999494850636        5.8736828251672586     
   2.2799999490380287        5.9664363075620557     
   2.2999999485909939        6.0606544942577880     
   2.3199999481439590        6.1563605149379343     
   2.3399999476969242        6.2535778645352984     
   2.3599999472498894        6.3523304089997907     
   2.3799999468028545        6.4526423911573065     
   2.3999999463558197        6.5545384366611046     
   2.4199999459087849        6.6580435600371768     
   2.4399999454617500        6.7631831708250827     
   2.4599999450147152        6.8699830798157491     
   2.4799999445676804        6.9784695053877810     
   2.4999999441206455        7.0886690799438297     
   2.5199999436736107        7.2006088564485955     
   2.5399999432265759        7.3143163150700774     
   2.5599999427795410        7.4298193699256991     
   2.5799999423325066        7.5471463759349637     
   2.5999999418854718        7.6663261357803201     
   2.6199999414384374        7.7873879069779530     
   2.6399999409914030        7.9103614090602283     
   2.6599999405443682        8.0352768308715596     
   2.6799999400973338        8.1621648379794927     
   2.6999999396502989        8.2910565802028025     
   2.7199999392032645        8.4219836992585009     
   2.7399999387562302        8.5549783365295706     
   2.7599999383091953        8.6900731409553718     
   2.7799999378621609        8.8273012770466561     
   2.7999999374151265        8.9666964330271455     
   2.8199999369680917        9.1082928291036716     
   2.8399999365210573        9.2521252258669158     
   2.8599999360740229        9.3982289328248161     
   2.8799999356269881        9.5466398170707158     
   2.8999999351799537        9.6973943120883987     
   2.9199999347329189        9.8505294266961680     
   2.9399999342858845        10.006082754132175     
   2.9599999338388501        10.164092481283186     
   2.9799999333918152        10.324597398059133     
   2.9999999329447808        10.487636906915650     
   3.0199999324977465        10.653251032527020     
   3.0399999320507116        10.821480431611860     
   3.0599999316036772        10.992366402913955     
   3.0799999311566428        11.165950897340720     
   3.0999999307096080        11.342276528261751     
   3.1199999302625736        11.521386581970019     
   3.1399999298155388        11.703325028308232     
   3.1599999293685044        11.888136531463044     
   3.1799999289214700        12.075866460929667     
   3.1999999284744352        12.266560902649687     
   3.2199999280274008        12.460266670324707     
   3.2399999275803664        12.657031316908688     
   3.2599999271333315        12.856903146281741     
   3.2799999266862971        13.059931225108297     
   3.2999999262392627        13.266165394882490     
   3.3199999257922279        13.475656284163808     
   3.3399999253451935        13.688455321005897     
   3.3599999248981587        13.904614745581688     
   3.3799999244511243        14.124187623007870     
   3.3999999240040899        14.347227856371877     
   3.4199999235570551        14.573790199964581     
   3.4399999231100207        14.803930272721978     
   3.4599999226629863        15.037704571879098     
   3.4799999222159514        15.275170486839565     
   3.4999999217689171        15.516386313264144     
   3.5199999213218827        15.761411267381787     
   3.5399999208748478        16.010305500526663     
   3.5599999204278134        16.263130113904747     
   3.5799999199807786        16.519947173593593     
   3.5999999195337442        16.780819725778983     
   3.6199999190867098        17.045811812232159     
   3.6399999186396750        17.314988486031510     
   3.6599999181926406        17.588415827532447     
   3.6799999177456062        17.866160960589564     
   3.6999999172985714        18.148292069034873     
   3.7199999168515370        18.434878413416328     
   3.7399999164045026        18.725990348000629     
   3.7599999159574677        19.021699338044520     
   3.7799999155104334        19.322077977338886     
   3.7999999150633985        19.627200006029788     
   3.8199999146163641        19.937140328721043     
   3.8399999141693297        20.251975032862553     
   3.8599999137222949        20.571781407429089     
   3.8799999132752605        20.896637961894001     
   3.8999999128282261        21.226624445502566     
   3.9199999123811913        21.561821866849673     
   3.9399999119341569        21.902312513766692     
   3.9599999114871225        22.248179973522337     
   3.9799999110400877        22.599509153342595     
   3.9999999105930533        22.956386301254632     
   4.0199999101460184        23.318899027259867     
   4.0399999096989845        23.687136324841454     
   4.0599999092519496        24.061188592811295     
   4.0799999088049148        24.441147657502132     
   4.0999999083578809        24.827106795310044     
   4.1199999079108460        25.219160755592945     
   4.1399999074638112        25.617405783930646     
   4.1599999070167764        26.021939645752251     
   4.1799999065697424        26.432861650336658     
   4.1999999061227076        26.850272675192045     
   4.2199999056756727        27.274275190820390     
   4.2399999052286388        27.704973285872963     
   4.2599999047816040        28.142472692703176     
   4.2799999043345691        28.586880813322850     
   4.2999999038875352        29.038306745768420     
   4.3199999034405003        29.496861310883471     
   4.3399999029934655        29.962657079524224     
   4.3599999025464315        30.435808400194631     
   4.3799999020993967        30.916431427117843     
   4.3999999016523619        31.404644148751043     
   4.4199999012053279        31.900566416750429     
   4.4399999007582931        32.404319975393733     
   4.4599999003112583        32.916028491467280     
   4.4799998998642243        33.435817584625028     
   4.4999998994171895        33.963814858227018     
   4.5199998989701546        34.500149930664797     
   4.5399998985231207        35.044954467181562     
   4.5599998980760859        35.598362212194687     
   4.5799998976290510        36.160509022128771     
   4.5999998971820162        36.731532898767078     
   4.6199998967349822        37.311574023129737     
   4.6399998962879474        37.900774789886817     
   4.6599998958409126        38.499279842314941     
   4.6799998953938786        39.107236107805804     
   4.6999998949468438        39.724792833935489     
   4.7199998944998089        40.352101625103387     
   4.7399998940527750        40.989316479749618     
   4.7599998936057402        41.636593828160230     
   4.7799998931587053        42.294092570869324     
   4.7999998927116714        42.961974117667744     
   4.8199998922646365        43.640402427227563     
   4.8399998918176017        44.329544047352478     
   4.8599998913705678        45.029568155863700     
   4.8799998909235329        45.740646602131562     
   4.8999998904764981        46.462953949262889     
   4.9199998900294641        47.196667516954626     
   4.9399998895824293        47.941967425024188     
   4.9599998891353945        48.699036637627145     
   4.9799998886883605        49.468061008173237     
   4.9999998882413257        50.249229324951671     
   5.0199998877942908        51.042733357476827     
   5.0399998873472560        51.848767903565914     
   5.0599998869002221        52.667530837160015     
   5.0799998864531872        53.499223156900271     
   5.0999998860061524        54.344049035471180     
   5.1199998855591184        55.202215869723069     
   5.1399998851120836        56.073934331586095     
   5.1599998846650488        56.959418419788214     
   5.1799998842180148        57.858885512389897     
   5.1999998837709800        58.772556420148376     
   5.2199998833239452        59.700655440724645     
   5.2399998828769112        60.643410413746409     
   5.2599998824298764        61.601052776740644     
   5.2799998819828415        62.573817621949253     
   5.2999998815358076        63.561943754042083     
   5.3199998810887728        64.565673748741219     
   5.3399998806417379        65.585254012371053     
   5.3599998801947040        66.620934842348689     
   5.3799998797476691        67.672970488629730     
   5.3999998793006343        68.741619216124107     
   5.4199998788536004        69.827143368097865     
   5.4399998784065655        70.929809430575858     
   5.4599998779595307        72.049888097761595     
   5.4799998775124958        73.187654338490205     
   5.4999998770654619        74.343387463730608     
   5.5199998766184271        75.517371195153871     
   5.5399998761713922        76.709893734784103     
   5.5599998757243583        77.921247835749426     
   5.5799998752773234        79.151730874150104     
   5.5999998748302886        80.401644922061593     
   5.6199998743832547        81.671296821690461     
   5.6399998739362198        82.960998260701189     
   5.6599998734891850        84.271065848732619     
   5.6799998730421510        85.601821195122739     
   5.6999998725951162        86.953590987860593     
   5.7199998721480814        88.326707073785286     
   5.7399998717010474        89.721506540051195     
   5.7599998712540126        91.138331796879768     
   5.7799998708069777        92.577530661617956     
   5.7999998703599438        94.039456444124198     
   5.8199998699129090        95.524468033502586     
   5.8399998694658741        97.032929986206923     
   5.8599998690188402        98.565212615535785     
   5.8799998685718053        100.12169208254109     
   5.8999998681247705        101.70275048837196     
   5.9199998676777357        103.30877596807716     
   5.9399998672307017        104.94016278588855     
   5.9599998667836669        106.59731143200915     
   5.9799998663366321        108.28062872093001     
   5.9999998658895981        109.99052789129901     
   6.0199998654425633        111.72742870736741     
   6.0399998649955284        113.49175756203783     
   6.0599998645484945        115.28394758153978     
   6.0799998641014597        117.10443873175821     
   6.0999998636544248        118.95367792624080     
   6.1199998632073909        120.83211913591126     
   6.1399998627603560        122.74022350051482     
   6.1599998623133212        124.67845944182376     
   6.1799998618662872        126.64730277863063     
   6.1999998614192524        128.64723684355718     
   6.2199998609722176        130.67875260170817     
   6.2399998605251836        132.74234877119852     
   6.2599998600781488        134.83853194558409     
   6.2799998596311140        136.96781671822561     
   6.2999998591840800        139.13072580861657     
   6.3199998587370452        141.32779019070588     
   6.3399998582900103        143.55954922324705     
   6.3599998578429755        145.82655078220577     
   6.3799998573959416        148.12935139525825     
   6.3999998569489067        150.46851637841365     
   6.4199998565018719        152.84461997479380     
   6.4399998560548379        155.25824549560454     
   6.4599998556078031        157.70998546333311     
   6.4799998551607683        160.20044175720702     
   6.4999998547137343        162.73022576094959     
   6.5199998542666995        165.29995851286910     
   6.5399998538196646        167.91027085831777     
   6.5599998533726307        170.56180360455841     
   6.5799998529255959        173.25520767807674     
   6.5999998524785610        175.99114428437747     
   6.6199998520315271        178.77028507030442     
   6.6399998515844922        181.59331228892324     
   6.6599998511374574        184.46091896700835     
   6.6799998506904235        187.37380907517434     
   6.6999998502433886        190.33269770069441     
   6.7199998497963538        193.33831122304744     
   6.7399998493493198        196.39138749223733     
   6.7599998489022850        199.49267600992840     
   6.7799998484552502        202.64293811344109     
   6.7999998480082153        205.84294716265282     
   6.8199998475611814        209.09348872985095     
   6.8399998471141465        212.39536079258332     
   6.8599998466671117        215.74937392955420     
   6.8799998462200778        219.15635151961382     
   6.8999998457730429        222.61712994389026     
   6.9199998453260081        226.13255879111315     
   6.9399998448789741        229.70350106617963     
   6.9599998444319393        233.33083340201409     
   6.9799998439849045        237.01544627477341     
   6.9999998435378705        240.75824422245046     
   7.0199998430908357        244.56014606692958     
   7.0399998426438009        248.42208513954907     
   7.0599998421967669        252.34500951022505     
   7.0799998417497321        256.32988222019378     
   7.0999998413026972        260.37768151842943     
   7.1199998408556633        264.48940110179484     
   7.1399998404086285        268.66605035898499     
   7.1599998399615936        272.90865461832237     
   7.1799998395145597        277.21825539946548     
   7.1999998390675248        281.59591066909235     
   7.2199998386204900        286.04269510062119     
   7.2399998381734552        290.55970033803283     
   7.2599998377264212        295.14803526385913     
   7.2799998372793864        299.80882627140306     
   7.2999998368323515        304.54321754125800     
   7.3199998363853176        309.35237132219322     
   7.3399998359382828        314.23746821647512     
   7.3599998354912479        319.19970746969392     
   7.3799998350442140        324.24030726516742     
   7.3999998345971791        329.36050502299349     
   7.4199998341501443        334.56155770382520     
   7.4399998337031104        339.84474211744276     
   7.4599998332560755        345.21135523619876     
   7.4799998328090407        350.66271451341208     
   7.4999998323620067        356.20015820679117     
   7.5199998319149719        361.82504570696290     
   7.5399998314679371        367.53875787119119     
   7.5599998310209031        373.34269736236377     
   7.5799998305738683        379.23828899333324     
   7.5999998301268334        385.22698007669527     
   7.6199998296797995        391.31024078008988     
   7.6399998292327647        397.48956448711448     
   7.6599998287857298        403.76646816393514     
   7.6799998283386950        410.14249273168764     
   7.6999998278916610        416.61920344475936     
   7.7199998274446262        423.19819027504457     
   7.7399998269975914        429.88106830226724     
   7.7599998265505574        436.66947811046879     
   7.7799998261035226        443.56508619075544     
   7.7999998256564878        450.56958535040638     
   7.8199998252094538        457.68469512844234     
   7.8399998247624190        464.91216221775602     
   7.8599998243153841        472.25376089390903     
   7.8799998238683502        479.71129345070000     
   7.8999998234213153        487.28659064261086     
   7.9199998229742805        494.98151213423949     
   7.9399998225272466        502.79794695683051     
   7.9599998220802117        510.73781397201475     
   7.9799998216331769        518.80306234287150     
   7.9999998211861429        526.99567201243019     
   8.0199998207391072        535.31765418972736     
   8.0399998202920742        543.77105184354036     
   8.0599998198450393        552.35794020391620     
   8.0799998193980045        561.08042727162240     
   8.0999998189509697        569.94065433564015     
   8.1199998185039348        578.94079649883122     
   8.1399998180569000        588.08306321190560     
   8.1599998176098669        597.36969881582070     
   8.1799998171628321        606.80298309274633     
   8.1999998167157973        616.38523182572919     
   8.2199998162687624        626.11879736719698     
   8.2399998158217276        636.00606921643839     
   8.2599998153746927        646.04947460620269     
   8.2799998149276597        656.25147909856264     
   8.2999998144806248        666.61458719018719     
   8.3199998140335900        677.14134292717210     
   8.3399998135865552        687.83433052957901     
   8.3599998131395203        698.69617502583765     
   8.3799998126924855        709.72954289716552     
   8.3999998122454507        720.93714273216403     
   8.4199998117984176        732.32172589175229     
   8.4399998113513828        743.88608718459977     
   8.4599998109043479        755.63306555322572     
   8.4799998104573131        767.56554477093380     
   8.4999998100102783        779.68645414975026     
   8.5199998095632434        791.99876925954345     
   8.5399998091162104        804.50551265849833     
   8.5599998086691755        817.20975463512582     
   8.5799998082221407        830.11461396199047     
   8.5999998077751059        843.22325866133951     
   8.6199998073280710        856.53890678282289     
   8.6399998068810362        870.06482719349390     
   8.6599998064340031        883.80434038028659     
   8.6799998059869683        897.76081926516270     
   8.6999998055399335        911.93769003313389     
   8.7199998050928986        926.33843297335738     
   8.7399998046458638        940.96658333351411     
   8.7599998041988290        955.82573218767982     
   8.7799998037517941        970.91952731789922     
   8.7999998033047611        986.25167410968288     
   8.8199998028577262        1001.8259364616454     
   8.8399998024106914        1017.6461377095053     
   8.8599998019636566        1033.7161615646805     
   8.8799998015166217        1050.0399530677014     
   8.8999998010695869        1066.6215195566826     
   8.9199998006225538        1083.4649316510859     
   8.9399998001755190        1100.5743242510200     
   8.9599997997284841        1117.9538975523201     
   8.9799997992814493        1135.6079180776555     
   8.9999997988344145        1153.5407197239217     
   9.0199997983873796        1171.7567048261724     
   9.0399997979403466        1190.2603452383498     
   9.0599997974933117        1209.0561834310845     
   9.0799997970462769        1228.1488336068282     
   9.0999997965992421        1247.5429828325991     
   9.1199997961522072        1267.2433921906102     
   9.1399997957051724        1287.2548979470735     
   9.1599997952581393        1307.5824127394558     
   9.1799997948111045        1328.2309267824862     
   9.1999997943640697        1349.2055090932079     
   9.2199997939170348        1370.5113087353727     
   9.2399997934700000        1392.1535560834895     
   9.2599997930229652        1414.1375641068312     
   9.2799997925759303        1436.4687296737202     
   9.2999997921288973        1459.1525348764078     
   9.3199997916818624        1482.1945483768777     
   9.3399997912348276        1505.6004267738988     
   9.3599997907877928        1529.3759159916697     
   9.3799997903407579        1553.5268526903872     
   9.3999997898937231        1578.0591656990925     
   9.4199997894466900        1602.9788774711440     
   9.4399997889996552        1628.2921055626721     
   9.4599997885526204        1654.0050641343821     
   9.4799997881055855        1680.1240654770741     
   9.4999997876585507        1706.6555215612495     
   9.5199997872115159        1733.6059456111905     
   9.5399997867644828        1760.9819537038957     
   9.5599997863174480        1788.7902663932646     
   9.5799997858704131        1817.0377103599319     
   9.5999997854233783        1845.7312200871531     
   9.6199997849763434        1874.8778395631552     
   9.6399997845293086        1904.4847240103695     
   9.6599997840822738        1934.5591416419725     
   9.6799997836352407        1965.1084754461635     
   9.6999997831882059        1996.1402249986206     
   9.7199997827411710        2027.6620083035748     
   9.7399997822941362        2059.6815636639590     
   9.7599997818471014        2092.2067515810900     
   9.7799997814000665        2125.2455566843469     
   9.7999997809530335        2158.8060896913239     
   9.8199997805059986        2192.8965893989343     
   9.8399997800589638        2227.5254247059602     
   9.8599997796119290        2262.7010966675357     
   9.8799997791648941        2298.4322405820799     
   9.8999997787178593        2334.7276281111790     
   9.9199997782708262        2371.5961694329499     
   9.9399997778237914        2409.0469154294024     
   9.9599997773767566        2447.0890599083486     
   9.9799997769297217        2485.7319418603956     
   9.9999997764826869        2524.9850477515815     
