   1.0000000000000000      -0.12566370683170014     
  0.98420863278531656      -0.25132741366340028     
  0.95262589835594957      -0.37500671875496272     
  0.90550116399040814      -0.49471722036624977     
  0.84333316424571014      -0.60850585317370365     
  0.76686606310711625      -0.71448222468692657     
  0.67708157828759741      -0.81084945682039933     
  0.57518722986107540      -0.89593403777547675     
  0.46260083759751652      -0.96821419720207669     
  0.34093145257002483       -1.0263463332380300     
  0.21195696784221060       -1.0691890433434954     
   7.7598709351827666E-002  -1.0958243416113551     
  -6.0106639451462489E-002  -1.1055756830738614     
 -0.19903737796951285       -1.0980224599551942     
 -0.33701895047194458       -1.0730106852414831     
 -0.47185745064941198       -1.0306596346526493     
 -0.60137396082166972      -0.97136427830788818     
 -0.72343919671773815      -0.89579339719897555     
 -0.83600791556512288      -0.80488334607207701     
 -0.93715254039964224      -0.69982749246152065     
  -1.0250954572450905      -0.58206143036815694     
  -1.0982394541889147      -0.45324413535440228     
  -1.1551957923372778      -0.31523529455220012     
  -1.1948094279748900      -0.17006910917071488     
  -1.2161809426508472       -1.9924927493926964E-002
  -1.2186847828980869       0.13290487793764982     
  -1.2019834632804272       0.28604932521600912     
  -1.1660374447370769       0.43709502276223233     
  -1.1111104639390885       0.58362361037245714     
  -1.0377701576651857       0.72324986997053309     
 -0.94688389803914330       0.85365991482205816     
 -0.83960982876897006       0.97264885538890655     
 -0.71738316815518977        1.0781573387643444     
 -0.58189792041826116        1.1683063668933944     
 -0.43508421163936095        1.2414298165708106     
 -0.27908153911767530        1.2961041113893608     
 -0.11620829204068145        1.3311745321031840     
   5.1072034103358678E-002   1.3457776968455968     
  0.22018744806040438        1.3393597957247336     
  0.38849636477252308        1.3116902248036508     
  0.55332822063625586        1.2628703315156953     
  0.71202518774229617        1.1933370562159544     
  0.86198434572602189        1.1038613317667203     
   1.0006996525040051       0.99554118365189059     
   1.1258030479453200       0.86978955589304308     
   1.2351040277023382       0.72831697172580789     
   1.3266270381178418       0.57310922128196917     
   1.3986460672835630       0.40640035008892200     
   1.4497158417334377       0.23064130072848998     
   1.4786990825314648        4.8464634203627871E-002
   1.4847893281157349      -0.13735417379591008     
   1.4675288934877353      -0.32393830463108281     
   1.4268216053430169      -0.50835342526937488     
   1.3629400295430756      -0.68765311718433553     
   1.2765269898233185      -0.85892521348602535     
   1.1685912636054552       -1.0193383268979355     
   1.0404974309318373       -1.1661878368537375     
  0.89394994449075471       -1.2969406009734932     
  0.73097158103189264       -1.4092776647201939     
  0.55387652572803114       -1.5011342631812901     
  0.36523842976459731       -1.5707364405313380     
  0.16785386619179904       -1.6166336554929468     
  -3.5298311546326351E-002  -1.6377267945246405     
 -0.24110113132389080       -1.6332910778508289     
 -0.44634654250176892       -1.6029934159673522     
 -0.64778463717903578       -1.5469038549050669     
 -0.84217430969865292       -1.4655008361685213     
  -1.0263345771365453       -1.3596700906133603     
  -1.1971957607912138       -1.2306970832008366     
  -1.3518497182531921       -1.0802530260966152     
  -1.4875983178286540      -0.91037457942152966     
  -1.6019993620841135      -0.72343746052657942     
  -1.6929091950347952      -0.52212428234507069     
  -1.7585212677811179      -0.30938703756752872     
  -1.7973999897675321       -8.8404736515772658E-002
  -1.8085092566595840       0.13746320885767532     
  -1.7912351202815482       0.36472718588896125     
  -1.7454021501204469       0.58982043091066683     
  -1.6712831284071419       0.80915413500682176     
  -1.5696018204039868        1.0191737680877435     
  -1.4415286668004494        1.2164157510894931     
  -1.2886693544700771        1.3975635868637963     
  -1.1130463336117657        1.5595025548269204     
 -0.91707346175870830        1.6993720829840080     
 -0.70352406652463029        1.8146149336255868     
 -0.47549282749307953        1.9030223756703835     
 -0.23635198158267093        1.9627745669450500     
   1.0297546174629038E-002   1.9924754330677461     
  0.26067939486501907        1.9911814052441716     
  0.51089863122235535        1.9584234661907889     
  0.75700138353007662        1.8942220503761460     
  0.99503634794268658        1.7990944504450310     
   1.2211172255259497        1.6740544945302758     
   1.4314851187468922        1.5206043774946438     
   1.6225699014473791        1.3407186511984930     
   1.7910495769753789        1.1368205027890690     
   1.9339066553581303       0.91175057382699443     
   2.0484806121711601       0.66872869484819653     
   2.1325155388305093       0.41130902774989825     
   2.1842021559109042       0.14332922026425607     
   2.2022134370266078      -0.13114571911729919     
   2.1857331798272188      -0.40788402284864156     
   2.1344769615586325      -0.68255135637076891     
   2.0487050280140768      -0.95077764350709104     
   1.9292267849582669       -1.2082255115320819     
   1.7773966884905184       -1.4506593006489410     
   1.5951014634210907       -1.6740135570350481     
   1.3847387145575469       -1.8744599197012120     
   1.1491871327404417       -2.0484713195658770     
  0.89176863338536938       -2.1928824345093338     
  0.61620289801880357       -2.3049453866167786     
  0.32655491669191294       -2.3823797269422577     
   2.7176249123655238E-002  -2.4234158282578804     
 -0.27735916704984481       -2.4268308964605407     
 -0.58232373335277421       -2.3919769154053045     
 -0.88290841919846086       -2.3187999564961204     
  -1.1742974171329483       -2.2078504117467252     
  -1.4517440840029372       -2.0602838453869077     
  -1.7106469891397253       -1.8778523024201075     
  -1.9466248703442788       -1.6628860606843225     
  -2.1555892967686341       -1.4182659636660828     
  -2.3338138550361474       -1.1473866222273985     
  -2.4779987111543460      -0.85411092214837614     
  -2.5853294556769524      -0.54271641858054565     
  -2.6535292125942083      -0.21783433579899819     
  -2.6809030827059317       0.11561798124179251     
  -2.6663740986066902       0.45251020027115185     
  -2.6095099894614622       0.78757665330210169     
  -2.5105401877934153        1.1154973515921798     
  -2.3703626556313977        1.4309811377402528     
  -2.1905402614567140        1.7288496955823269     
  -1.9732866001549825        2.0041211048010594     
  -1.7214413131860391        2.2520916136178575     
  -1.4384351328942342        2.4684143101260450     
  -1.1282450406873816        2.6491734009624834     
 -0.79534009108249415        2.7909528549897420     
 -0.44461860973196671        2.8908982390270301     
  -8.1337620942595792E-002   2.9467706616523062     
  0.28896450358353465        2.9569918486048246     
  0.66055106035033839        2.9206794979417356     
   1.0275744725290459        2.8376722031465023     
   1.3841668803497127        2.7085433858828734     
   1.7245324823342385        2.5346038448244581     
   2.0430401968247591        2.3178927005426644     
   2.3343151856130904        2.0611566962034988     
   2.5933277764190024        1.7678179970658296     
   2.8154783389340863        1.4419308156514072     
   2.9966767102236989        1.0881273710765922     
   3.1334148291782165       0.71155386749365768     
   3.2228313257779018       0.31779734501770451     
   3.2627669181740990       -8.7195585872869213E-002
   3.2518095976339523      -0.49720697133846897     
   3.1893287265529975      -0.90584141928805073     
   3.0754973360035729       -1.3066242893715261     
   2.9113020843648107       -1.6931026849647539     
   2.6985405249254355       -2.0589476965928912     
   2.4398055251989823       -2.3980563019905832     
   2.1384568810997266       -2.7046513082355501     
   1.7985803720196403       -2.9733777268142978     
   1.4249347050573413       -3.1993940033970238     
   1.0228869949753583       -3.3784565804276645     
  0.59833761770886806       -3.5069963518862068     
  0.15763545628559786       -3.5821856748643519     
 -0.29251527417727197       -3.6019947306293068     
 -0.74515528401640185       -3.5652361769712995     
  -1.1931760777450946       -3.4715972018165702     
  -1.6294298507519227       -3.3216582729842128     
  -2.0468417421633021       -3.1168980779165021     
  -2.4385227084508911       -2.8596843572984065     
  -2.7978812451576371       -2.5532505545611905     
  -3.1187321743138905       -2.2016584260197889     
  -3.3954007333047835       -1.8097469803802175     
  -3.6228202472868376       -1.3830683380540656     
  -3.7966217414482704      -0.92781131659506499     
  -3.9132139507320063      -0.45071375512685069     
  -3.9698523119212816        4.1035215547655220E-002
  -3.9646956746249256       0.53990157263807814     
  -3.8968496416829601        1.0381199275710544     
  -3.7663956434485253        1.5278124985107178     
  -3.5744050615418672        2.0011117364612256     
  -3.3229379429537294        2.4502847262125678     
  -3.0150260814647605        2.8678574256958380     
  -2.6546404866870046        3.2467367792869553     
  -2.2466435078949902        3.5803287431495527     
  -1.7967261263547354        3.8626502942810110     
  -1.3113311721808261        4.0884335594801087     
 -0.79756345596143341        4.2532202954603093     
 -0.26308802766207207        4.3534450757699243     
  0.28398201804738832        4.3865056925489814     
  0.83520658341144727        4.3508194594875995     
   1.3819466844461530        4.2458643042458775     
   1.9154977316220874        4.0722037612345963     
   2.4272259512328183        3.8314952158512519     
   2.9087058427646117        3.5264810055012363     
   3.3518565179874784        3.1609622472164109     
   3.7490747511277536        2.7397555323981093     
   4.0933625871415584        2.2686329019822620     
   4.3784474070450061        1.7542457858758556     
   4.5988924351920550        1.2040338545389342     
   4.7501957925042779       0.62611998381243628     
   4.8288763505915524        2.9192772350003188E-002
   4.8325448225777476      -0.57762172969726366     
   4.7599587348774515       -1.1848972255327241     
   4.6110601573024121       -1.7830512845233546     
   4.3869953234181827       -2.3624941963139379     
   4.0901155453409945       -2.9137802905079999     
   3.7239591131426111       -3.4277593713055099     
   3.2932141644172628       -3.8957258775527008     
   2.8036628098438126       -4.3095633768440340     
   2.2621071010834521       -4.6618820382351878     
   1.6762777233466968       -4.9461468018076458     
   1.0547265816977895       -5.1567940742027947     
  0.40670472296572102       -5.2893349261528666     
 -0.25797271052902510       -5.3404429492266985     
 -0.92907256765206903       -5.3080251421601998     
  -1.5960986829717818       -5.1912744393933954     
  -2.2484534722066121       -4.9907027624219671     
  -2.8756036810277621       -4.7081537644658775     
  -3.4672477354041673       -4.3467947465290466     
  -4.0134820760895673       -3.9110875435943413     
  -4.5049638345609209       -3.4067385086103386     
  -4.9330672237591937       -2.8406280540166633     
  -5.2900310747570467       -2.2207205406291193     
  -5.5690950497297989       -1.5559556265202661     
  -5.7646222014239763      -0.85612249887314817     
  -5.8722057281343938      -0.13171870455789575     
  -5.8887579888082087       0.60620443451781492     
  -5.8125800924688855        1.3462075920262417     
  -5.6434106562898911        2.0766379527020282     
  -5.3824526334059613        2.7858098549449335     
  -5.0323774405053001        3.4621888047047724     
  -4.5973059615548850        4.0945760080548919     
  -4.0827663624785622        4.6722905166233524     
  -3.4956290167650725        5.1853460718601854     
  -2.8440192081699265        5.6246197718153352     
  -2.1372086381247399        5.9820097678145245     
  -1.3854871163977289        6.2505793275540089     
 -0.60001614825169658        6.4246847743681110     
  0.20733355572058529        6.5000850277162980     
   1.0241583350246497        6.4740307245538524     
   1.8377090340144042        6.3453311917920727     
   2.6350868726498056        6.1143978624997199     
   3.4034447730953445        5.7832630782589929     
   4.1301910490922786        5.3555735920748573     
   4.8031922788823689        4.8365584749228132     
   5.4109721451494437        4.2329715285330538     
   5.9429030383379553        3.5530087112104987     
   6.3893872833939884        2.8062014860715778     
   6.7420249642503682        2.0032873956569626     
   6.9937654842378452        1.1560595470974007     
   7.1390402122442813       0.27719705163647274     
   7.1738738212757385      -0.61992120465471101     
   7.0959722247552541       -1.5214167813791137     
   6.9047853523712002       -2.4131229547166448     
   6.6015433768408416       -3.2808038769728367     
   6.1892654002726220       -4.1103782885169160     
   5.6727400280570466       -4.8881443212803601     
   5.0584776931166315       -5.6010018610985712     
   4.3546350372797340       -6.2366689189410742     
   3.5709121026435464       -6.7838884996248447     
   2.7184235270477477       -7.2326225512132130     
   1.8095453671477473       -7.5742297283605371     
  0.85773958308710097       -7.8016239068764532     
 -0.12264139635780473       -7.9094106423834551     
  -1.1165672565338083       -7.8939990699061173     
  -2.1085564413842044       -7.7536870895231775     
  -3.0829135026667833       -7.4887180710349801     
  -4.0239735748905776       -7.1013077324483715     
  -4.9163502279026554       -6.5956402968348140     
  -5.7451828365314528       -5.9778335031136924     
  -6.4963795533554469       -5.2558725314492882     
  -7.1568519782922762       -4.4395133957889783     
  -7.7147376881361076       -3.5401568469509845     
  -8.1596069202895922       -2.5706943118255805     
  -8.4826498966447605       -1.5453278599323976     
  -8.6768415237941632      -0.47936663016447895     
  -8.7370805114720529       0.61099743930671313     
  -8.6603003083840946        1.7089313632652978     
  -8.4455496585552261        2.7972168022925592     
  -8.0940410263672273        3.8585158786178084     
  -7.6091656181911391        4.8756430772389727     
  -6.9964742359169723        5.8318390347171967     
  -6.2636237251686051        6.7110419219550099     
  -5.4202893205528015        7.4981520974586786     
  -4.4780437335982564        8.1792857455796213     
  -3.4502043675730349        8.7420133204980441     
  -2.3516505685471514        9.1755787906541926     
  -1.1986133253872173        9.4710959182707022     
  -8.4403045387359786E-003   9.6217181117967314     
   1.2006604594793480        9.6227787517518575     
   2.4098945074458067        9.4718993077674298     
   3.6001684851964764        9.1690630308884362     
   4.7523869338314206        8.7166525138199802     
   5.8477537998818967        8.1194499554161865     
   6.8680739787139773        7.3845995362838677     
   7.7960501299110616        6.5215319013243258     
   8.6155700028526621        5.5418513433539447     
   9.3119795853687553        4.4591868803274775     
   9.8723375382059917        3.2890090076889216     
   10.285646601915033        2.0484144775442155     
   10.543057958290960       0.75588199838669201     
   10.638044892135586      -0.56899774599360631     
   10.566542526195146       -1.9058139005813977     
   10.327050886916707       -3.2336448028178766     
   9.9206990944175502       -4.5313802979074262     
   9.3512690491183701       -5.7780521204738262     
   8.6251776013928634       -6.9531672527665886     
   7.7514168301894246       -8.0370390422393676     
   6.7414527121905286       -9.0111108143185987     
   5.6090831245920336       -9.8582667515630789     
   4.3702567816549136       -10.563124928926449     
   3.0428553473596769       -11.112307595915581     
   1.6464415834028667       -11.494684078217459     
  0.20197697327473665       -11.701582030669716     
  -1.2684872004944330       -11.726963205826067     
  -2.7421408668174942       -11.567560402143370     
  -4.1957633859504222       -11.222972816164392     
  -5.6060837517010444       -10.695717636097136     
  -6.9501472770781998       -9.9912363710494176     
  -8.2056830752959726       -9.1178551011855244     
  -9.3514665456652715       -8.0866985488576884     
  -10.367671061345259       -6.9115585984167565     
  -11.236203134806820       -5.6087186216363643     
  -11.941015507377630       -4.1967356850025697     
  -12.468392870147927       -2.6961834130106821     
  -12.807205272124994       -1.1293589467139529     
  -12.949124703712615       0.48004194193576682     
  -12.888800853854278        2.1072769524302348     
  -12.623992620690887        3.7269314443411452     
  -12.155652600287356        5.3133091520731908     
  -11.487962476695040        6.8408335167836949     
  -10.628317979157465        8.2844534655486726     
  -9.5872628476018953        9.6200473001956048     
  -8.3783720439630258        10.824818287995100     
  -7.0180852521139832        11.877675576254582     
  -5.5254925106574824        12.759594183896112     
  -3.9220746078408952        13.453948054856129     
  -2.2314016237465322        13.946810488547902     
 -0.47879371927636805        14.227216688018165     
   1.3090510676378184        14.287383681590171     
   3.1044566619931824        14.122883471998808     
   4.8791905502367037        13.732765940154378     
   6.6049008233286202        13.119628769273431     
   8.2535620067313360        12.289632448558208     
   9.7979227758163034        11.252459252227062     
   11.211948516423817        10.021215956967245     
   12.471251660537304        8.6122809455872478     
   13.553502808435816        7.0450972330931343     
   14.438815841736053        5.3419138296312312     
   15.110100535143037        3.5274787086984043     
   15.553376585447976        1.6286874648526743     
   15.758043489551687      -0.32580749062408954     
   15.717101312566330       -2.3060216479362938     
   15.427318084252509       -4.2810908595227586     
   14.889340337561569       -6.2197448364616514     
   14.107744145864471       -8.0907945355583948     
   13.091024913312539       -9.8636259599609417     
   11.851525112382461       -11.508692676793931     
   10.405300129829694       -12.997999254024892     
   8.7719233621732524       -14.305567839035662     
   6.9742326791876765       -15.407880244769943     
   5.0380213332109625       -16.284288175543445     
   2.9916773179565497       -16.917384611371919     
  0.86577605779399347       -17.293329872790657     
  -1.3073678774842539       -17.402126501499186     
  -3.4941836004168070       -17.237837807821823     
  -5.6603541971113254       -16.798745744242911     
  -7.7713468574561366       -16.087444653853531     
  -9.7929547861091883       -15.110868400670709     
  -11.691842522783475       -13.880249401412989     
  -13.436086114313518       -12.411009130307521     
  -14.995699527150036       -10.722580743872950     
  -16.343138770227320       -8.8381655547569036     
  -17.453775415430322       -6.7844261556252654     
  -18.306331554872134       -4.5911200387142941     
  -18.883268717446271       -2.2906785570389410     
  -19.171123876083673        8.2262987094441478E-002
  -19.160786404190336        2.4913774774928270     
  -18.847710675251577        4.8991929228538273     
  -18.232059932082134        7.2676661115973467     
  -17.318778068483681        9.5587743458405026     
  -16.117587051417605        11.735116195721714     
  -14.642908850162495        13.760511929785462     
  -12.913711913163823        15.600594134695589     
  -10.953283425421096        17.223379042660440     
  -8.7889297707529668        18.599809239877079     
  -6.4516087953075063        19.704258733953381     
  -3.9754986024280217        20.514991810199721     
  -1.3975086859363546        21.014567701085070     
   1.2432597888477144        21.190183822889331     
   3.9060968364771140        21.033951189267931     
   6.5493011122375702        20.543096581552639     
   9.1308227784771017        19.720087126631888     
   11.608922025853754        18.572674089865131     
   13.942833097763280        17.113853915776179     
   16.093423418995922        15.361745824975529     
   18.023837342768740        13.339386582532407     
   19.700114107590807        11.074444370708466     
   21.091769838315486        8.5988550069411360     
   22.172333832996035        5.9483850254173634     
   22.919829944952159        3.1621273668531633     
   23.317194591344890       0.28193657601827321     
   23.352623786578782       -2.6481885292461951     
   23.019842599604516       -5.5827657985138179     
   22.318291554990033       -8.4755245502624010     
   21.253225722660982       -11.280123797213077     
   19.835723552782714       -13.950882923653495     
   18.082603891021350       -16.443513472985032     
   16.016251034669047       -18.715840507100101     
   13.664349140075961       -20.728501981663666     
   11.059528743991862       -22.445614746048165     
   8.2389295928871800       -23.835396123829920     
   5.2436853621647748       -24.870730556797515     
   2.1183371687851653       -25.529671496866268     
  -1.0898159857066485       -25.795869597815180     
  -4.3314205803152621       -25.658919281286838     
  -7.5558154904971495       -25.114616915317310     
  -10.711811347734042       -24.165125132645059     
  -13.748490547954098       -22.819039211806931     
  -16.616015601647675       -21.091352926210426     
  -19.266433192450904       -19.003322812934016     
  -21.654461179243604       -16.582231400545329     
  -23.738245844577143       -13.861051539318428     
  -25.480076961593142       -10.878015572806662     
  -26.847048721444988       -7.6760946514558643     
  -27.811655229337919       -4.3023949916278310     
  -28.352310132240014      -0.80747930238399057     
  -28.453780974567461        2.7553770860752600     
  -28.107530076212115        6.3309846767167128     
  -27.311955073841201        9.8630810959770265     
  -26.072523742539062        13.295202611376773     
  -24.401799299314956        16.571572591321743     
  -22.319354059458863        19.637993144636845     
  -19.851571046168281        22.442725909837598     
  -17.031334916930248        24.937347913931955     
  -13.897615339513795        27.077568591885576     
  -10.494947698267834        28.823994451569977     
  -6.8728177097871939        30.142828482339134     
  -3.0849581483043083        31.006492232129549     
  0.81143260143340701        31.394159508466124     
   4.7565390581329252        31.292191879925912     
   8.6888318846532435        30.694467550191167     
   12.546012456235600        29.602596727528173     
   16.265984492860746        28.026018296320924     
   19.787837839709482        25.981974389681092     
   23.052829052323109        23.495361336558616     
   26.005343251225273        20.598457384886185     
   28.593821761224881        17.330529554506480     
   30.771640346400499        13.737323919506029     
   32.497923392073403        9.8704455282854404     
   33.738280165238130        5.7866360105048784     
   34.465450296403972        1.5469586628146303     
   34.659846856288667       -2.7840975790552109     
   34.309986834323425       -7.1395824132354937     
   33.412800443045839       -11.451102540183404     
   31.973812450536496       -15.649878899484417     
   30.007190656560077       -19.667826693560400     
   27.535658648923818       -23.438641503069299     
   24.590272074548796       -26.898874438945430     
   21.210059802950447       -29.988979179833272     
   17.441533515113917       -32.654313916794067     
   13.338071384283602       -34.846081671132616     
   8.9591835929289125       -36.522193163267517     
   4.3696694184093401       -37.648037383740714     
 -0.36132251416994016       -38.197146240487150     
  -5.1613175011420944       -38.151741113994809     
  -9.9556067116100593       -37.503150824665966     
  -14.668391662105916       -36.252092381526495     
  -19.223963971173774       -34.408807912007063     
  -23.547902321056515       -31.993053339390315     
  -27.568267996548606       -29.033936645615558     
  -31.216780099353393       -25.569605898239534     
  -34.429951558751874       -21.646789595604737     
  -37.150167380341443       -17.320194256696105     
  -39.326687193683000       -12.651766514264288     
  -40.916555071834630       -7.7098292240953317     
  -41.885400791173822       -2.5681032429851913     
  -42.208118164213850        2.6953714825651369     
  -41.869407792426259        7.9994000694706635     
  -40.864173527266814        13.260865055515017     
  -39.197764068595838        18.396008577565198     
  -36.886053439831244        23.321744909939376     
  -33.955356524664928        27.956983115580755     
  -30.442178394529797        32.223939083262103     
  -26.392798760608184        36.049416064350609     
  -21.862695508843647        39.366032990271734     
  -16.915813880027105        42.113380349245787     
  -11.623690398127602        44.239084225485115     
  -6.0644430875133502        45.699760247977871     
 -0.32164181343247494        46.461840646224680     
   5.5169253083958729        46.502259348772675     
   11.360571594211729        45.808982064206027     
   17.117098086586726        44.381370525950466     
   22.694225621148824        42.230372530188177     
   28.001050774175873        39.378532014959674     
   32.949503076766483        35.859816179494089     
   37.455780504185086        31.719259484605104     
   41.441740228977125        27.012427264174679     
   44.836221969514995        21.804704569445025     
   47.576281972081567        16.170418716426859     
