 0.0200    0.9921
 0.0400    0.9686
 0.0600    0.9298
 0.0800    0.8763
 0.1000    0.8090
 0.1200    0.7290
 0.1400    0.6374
 0.1600    0.5358
 0.1800    0.4258
 0.2000    0.3090
 0.2200    0.1874
 0.2400    0.0628
 0.2600   -0.0628
 0.2800   -0.1874
 0.3000   -0.3090
 0.3200   -0.4258
 0.3400   -0.5358
 0.3600   -0.6374
 0.3800   -0.7290
 0.4000   -0.8090
 0.4200   -0.8763
 0.4400   -0.9298
 0.4600   -0.9686
 0.4800   -0.9921
 0.5000   -1.0000
 0.5200   -0.9921
 0.5400   -0.9686
 0.5600   -0.9298
 0.5800   -0.8763
 0.6000   -0.8090
 0.6200   -0.7290
 0.6400   -0.6374
 0.6600   -0.5358
 0.6800   -0.4258
 0.7000   -0.3090
 0.7200   -0.1874
 0.7400   -0.0628
 0.7600    0.0628
 0.7800    0.1874
 0.8000    0.3090
 0.8200    0.4258
 0.8400    0.5358
 0.8600    0.6374
 0.8800    0.7290
 0.9000    0.8090
 0.9200    0.8763
 0.9400    0.9298
 0.9600    0.9686
 0.9800    0.9921
 1.0000    1.0000
 1.0200    0.9921
 1.0400    0.9686
 1.0600    0.9298
 1.0800    0.8763
 1.1000    0.8090
 1.1200    0.7290
 1.1400    0.6374
 1.1600    0.5358
 1.1800    0.4258
 1.2000    0.3090
 1.2200    0.1874
 1.2400    0.0628
 1.2600   -0.0628
 1.2800   -0.1874
 1.3000   -0.3090
 1.3200   -0.4258
 1.3400   -0.5358
 1.3600   -0.6374
 1.3800   -0.7290
 1.4000   -0.8090
 1.4200   -0.8763
 1.4400   -0.9298
 1.4600   -0.9686
 1.4800   -0.9921
 1.5000   -1.0000
 1.5200   -0.9921
 1.5400   -0.9686
 1.5600   -0.9298
 1.5800   -0.8763
 1.6000   -0.8090
 1.6200   -0.7290
 1.6400   -0.6374
 1.6600   -0.5358
 1.6800   -0.4258
 1.7000   -0.3090
 1.7200   -0.1874
 1.7400   -0.0628
 1.7600    0.0628
 1.7800    0.1874
 1.8000    0.3090
 1.8200    0.4258
 1.8400    0.5358
 1.8600    0.6374
 1.8800    0.7290
 1.9000    0.8090
 1.9200    0.8763
 1.9400    0.9298
 1.9600    0.9686
 1.9800    0.9921
 2.0000    1.0000
 2.0200    0.9921
 2.0400    0.9686
 2.0600    0.9298
 2.0800    0.8763
 2.1000    0.8090
 2.1200    0.7290
 2.1400    0.6374
 2.1600    0.5358
 2.1800    0.4258
 2.2000    0.3090
 2.2200    0.1874
 2.2400    0.0628
 2.2600   -0.0628
 2.2800   -0.1874
 2.3000   -0.3090
 2.3200   -0.4258
 2.3400   -0.5358
 2.3600   -0.6374
 2.3800   -0.7289
 2.4000   -0.8090
 2.4200   -0.8763
 2.4400   -0.9298
 2.4600   -0.9686
 2.4800   -0.9921
 2.5000   -1.0000
 2.5200   -0.9921
 2.5400   -0.9686
 2.5600   -0.9298
 2.5800   -0.8763
 2.6000   -0.8090
 2.6200   -0.7290
 2.6400   -0.6374
 2.6600   -0.5359
 2.6800   -0.4258
 2.7000   -0.3090
 2.7200   -0.1874
 2.7400   -0.0628
 2.7600    0.0628
 2.7800    0.1873
 2.8000    0.3090
 2.8200    0.4257
 2.8400    0.5358
 2.8600    0.6374
 2.8800    0.7289
 2.9000    0.8090
 2.9200    0.8763
 2.9400    0.9298
 2.9600    0.9686
 2.9800    0.9921
 3.0000    1.0000
 3.0200    0.9921
 3.0400    0.9686
 3.0600    0.9298
 3.0800    0.8763
 3.1000    0.8090
 3.1200    0.7290
 3.1400    0.6375
 3.1600    0.5359
 3.1800    0.4258
 3.2000    0.3091
 3.2200    0.1874
 3.2400    0.0628
 3.2600   -0.0627
 3.2800   -0.1873
 3.3000   -0.3090
 3.3200   -0.4257
 3.3400   -0.5358
 3.3600   -0.6374
 3.3800   -0.7289
 3.4000   -0.8090
 3.4200   -0.8763
 3.4400   -0.9298
 3.4600   -0.9686
 3.4800   -0.9921
 3.5000   -1.0000
 3.5200   -0.9921
 3.5400   -0.9686
 3.5600   -0.9298
 3.5800   -0.8763
 3.6000   -0.8090
 3.6200   -0.7290
 3.6400   -0.6375
 3.6600   -0.5359
 3.6800   -0.4258
 3.7000   -0.3091
 3.7200   -0.1874
 3.7400   -0.0628
 3.7600    0.0627
 3.7800    0.1873
 3.8000    0.3090
 3.8200    0.4257
 3.8400    0.5358
 3.8600    0.6374
 3.8800    0.7289
 3.9000    0.8090
 3.9200    0.8763
 3.9400    0.9298
 3.9600    0.9686
 3.9800    0.9921
 4.0000    1.0000
 4.0200    0.9921
 4.0400    0.9686
 4.0600    0.9298
 4.0800    0.8763
 4.1000    0.8090
 4.1200    0.7290
 4.1400    0.6375
 4.1600    0.5359
 4.1800    0.4258
 4.2000    0.3091
 4.2200    0.1874
 4.2400    0.0628
 4.2600   -0.0627
 4.2800   -0.1873
 4.3000   -0.3090
 4.3200   -0.4257
 4.3400   -0.5358
 4.3600   -0.6374
 4.3800   -0.7289
 4.4000   -0.8090
 4.4200   -0.8763
 4.4400   -0.9297
 4.4600   -0.9686
 4.4800   -0.9921
 4.5000   -1.0000
 4.5200   -0.9921
 4.5400   -0.9686
 4.5600   -0.9298
 4.5800   -0.8763
 4.6000   -0.8090
 4.6200   -0.7290
 4.6400   -0.6375
 4.6600   -0.5359
 4.6800   -0.4258
 4.7000   -0.3091
 4.7200   -0.1874
 4.7400   -0.0629
 4.7600    0.0627
 4.7800    0.1873
 4.8000    0.3090
 4.8200    0.4257
 4.8400    0.5358
 4.8600    0.6374
 4.8800    0.7289
 4.9000    0.8090
 4.9200    0.8763
 4.9400    0.9297
 4.9600    0.9686
 4.9800    0.9921
 5.0000    1.0000
 5.0200    0.9921
 5.0400    0.9686
 5.0600    0.9298
 5.0800    0.8763
 5.1000    0.8091
 5.1200    0.7290
 5.1400    0.6375
 5.1600    0.5359
 5.1800    0.4258
 5.2000    0.3091
 5.2200    0.1874
 5.2400    0.0629
 5.2600   -0.0627
 5.2800   -0.1873
 5.3000   -0.3089
 5.3200   -0.4257
 5.3400   -0.5358
 5.3600   -0.6374
 5.3800   -0.7289
 5.4000   -0.8090
 5.4200   -0.8763
 5.4400   -0.9297
 5.4600   -0.9686
 5.4800   -0.9921
 5.5000   -1.0000
 5.5200   -0.9921
 5.5400   -0.9686
 5.5600   -0.9298
 5.5800   -0.8763
 5.6000   -0.8091
 5.6200   -0.7290
 5.6400   -0.6375
 5.6600   -0.5359
 5.6800   -0.4258
 5.7000   -0.3091
 5.7200   -0.1875
 5.7400   -0.0629
 5.7600    0.0627
 5.7800    0.1873
 5.8000    0.3089
 5.8200    0.4257
 5.8400    0.5358
 5.8600    0.6374
 5.8800    0.7289
 5.9000    0.8090
 5.9200    0.8763
 5.9400    0.9297
 5.9600    0.9686
 5.9800    0.9921
 6.0000    1.0000
 6.0200    0.9921
 6.0400    0.9686
 6.0600    0.9298
 6.0800    0.8763
 6.1000    0.8091
 6.1200    0.7290
 6.1400    0.6375
 6.1600    0.5359
 6.1800    0.4258
 6.2000    0.3091
 6.2200    0.1875
 6.2400    0.0629
 6.2600   -0.0627
 6.2800   -0.1873
 6.3000   -0.3089
 6.3200   -0.4257
 6.3400   -0.5358
 6.3600   -0.6374
 6.3800   -0.7289
 6.4000   -0.8090
 6.4200   -0.8763
 6.4400   -0.9297
 6.4600   -0.9686
 6.4800   -0.9921
 6.5000   -1.0000
 6.5200   -0.9921
 6.5400   -0.9686
 6.5600   -0.9298
 6.5800   -0.8763
 6.6000   -0.8091
 6.6200   -0.7290
 6.6400   -0.6375
 6.6600   -0.5359
 6.6800   -0.4259
 6.7000   -0.3091
 6.7200   -0.1875
 6.7400   -0.0629
 6.7600    0.0627
 6.7800    0.1873
 6.8000    0.3089
 6.8200    0.4257
 6.8400    0.5357
 6.8600    0.6373
 6.8800    0.7289
 6.9000    0.8090
 6.9200    0.8763
 6.9400    0.9297
 6.9600    0.9686
 6.9800    0.9921
 7.0000    1.0000
 7.0200    0.9921
 7.0400    0.9686
 7.0600    0.9298
 7.0800    0.8763
 7.1000    0.8091
 7.1200    0.7290
 7.1400    0.6375
 7.1600    0.5359
 7.1800    0.4259
 7.2000    0.3091
 7.2200    0.1875
 7.2400    0.0629
 7.2600   -0.0627
 7.2800   -0.1873
 7.3000   -0.3089
 7.3200   -0.4257
 7.3400   -0.5357
 7.3600   -0.6373
 7.3800   -0.7289
 7.4000   -0.8090
 7.4200   -0.8763
 7.4400   -0.9297
 7.4600   -0.9685
 7.4800   -0.9921
 7.5000   -1.0000
 7.5200   -0.9921
 7.5400   -0.9686
 7.5600   -0.9298
 7.5800   -0.8763
 7.6000   -0.8091
 7.6200   -0.7290
 7.6400   -0.6375
 7.6600   -0.5359
 7.6800   -0.4259
 7.7000   -0.3091
 7.7200   -0.1875
 7.7400   -0.0629
 7.7600    0.0627
 7.7800    0.1873
 7.8000    0.3089
 7.8200    0.4257
 7.8400    0.5357
 7.8600    0.6373
 7.8800    0.7289
 7.9000    0.8089
 7.9200    0.8762
 7.9400    0.9297
 7.9600    0.9685
 7.9800    0.9921
 8.0000    1.0000
 8.0200    0.9921
 8.0400    0.9686
 8.0600    0.9298
 8.0800    0.8763
 8.1000    0.8091
 8.1200    0.7290
 8.1400    0.6375
 8.1600    0.5359
 8.1800    0.4259
 8.2000    0.3091
 8.2200    0.1875
 8.2400    0.0629
 8.2600   -0.0627
 8.2800   -0.1873
 8.3000   -0.3089
 8.3200   -0.4257
 8.3400   -0.5357
 8.3600   -0.6373
 8.3800   -0.7289
 8.4000   -0.8089
 8.4200   -0.8762
 8.4400   -0.9297
 8.4600   -0.9685
 8.4800   -0.9921
 8.5000   -1.0000
 8.5200   -0.9921
 8.5400   -0.9686
 8.5600   -0.9298
 8.5800   -0.8763
 8.6000   -0.8091
 8.6200   -0.7290
 8.6400   -0.6375
 8.6600   -0.5359
 8.6800   -0.4259
 8.7000   -0.3091
 8.7200   -0.1875
 8.7400   -0.0629
 8.7600    0.0627
 8.7800    0.1873
 8.8000    0.3089
 8.8200    0.4257
 8.8400    0.5357
 8.8600    0.6373
 8.8800    0.7289
 8.9000    0.8089
 8.9200    0.8762
 8.9400    0.9297
 8.9600    0.9685
 8.9800    0.9921
 9.0000    1.0000
 9.0200    0.9921
 9.0400    0.9686
 9.0600    0.9298
 9.0800    0.8764
 9.1000    0.8091
 9.1200    0.7290
 9.1400    0.6375
 9.1600    0.5359
 9.1800    0.4259
 9.2000    0.3091
 9.2200    0.1875
 9.2400    0.0629
 9.2600   -0.0627
 9.2800   -0.1873
 9.3000   -0.3089
 9.3200   -0.4257
 9.3400   -0.5357
 9.3600   -0.6373
 9.3800   -0.7289
 9.4000   -0.8089
 9.4200   -0.8762
 9.4400   -0.9297
 9.4600   -0.9685
 9.4800   -0.9921
 9.5000   -1.0000
 9.5200   -0.9921
 9.5400   -0.9686
 9.5600   -0.9298
 9.5800   -0.8764
 9.6000   -0.8091
 9.6200   -0.7290
 9.6400   -0.6375
 9.6600   -0.5359
 9.6800   -0.4259
 9.7000   -0.3091
 9.7200   -0.1875
 9.7400   -0.0629
 9.7600    0.0627
 9.7800    0.1873
 9.8000    0.3089
 9.8200    0.4257
 9.8400    0.5357
 9.8600    0.6373
 9.8800    0.7289
 9.9000    0.8089
 9.9200    0.8762
 9.9400    0.9297
 9.9600    0.9685
 9.9800    0.9921
10.0000    1.0000
