 0.9921   -0.1253
 0.9686   -0.2487
 0.9298   -0.3681
 0.8763   -0.4818
 0.8090   -0.5878
 0.7290   -0.6845
 0.6374   -0.7705
 0.5358   -0.8443
 0.4258   -0.9048
 0.3090   -0.9511
 0.1874   -0.9823
 0.0628   -0.9980
-0.0628   -0.9980
-0.1874   -0.9823
-0.3090   -0.9511
-0.4258   -0.9048
-0.5358   -0.8443
-0.6374   -0.7705
-0.7290   -0.6846
-0.8090   -0.5878
-0.8763   -0.4818
-0.9298   -0.3681
-0.9686   -0.2487
-0.9921   -0.1253
-1.0000   -0.0000
-0.9921    0.1253
-0.9686    0.2487
-0.9298    0.3681
-0.8763    0.4817
-0.8090    0.5878
-0.7290    0.6845
-0.6374    0.7705
-0.5358    0.8443
-0.4258    0.9048
-0.3090    0.9511
-0.1874    0.9823
-0.0628    0.9980
 0.0628    0.9980
 0.1874    0.9823
 0.3090    0.9511
 0.4258    0.9048
 0.5358    0.8443
 0.6374    0.7705
 0.7290    0.6846
 0.8090    0.5878
 0.8763    0.4818
 0.9298    0.3681
 0.9686    0.2487
 0.9921    0.1253
 1.0000    0.0000
 0.9921   -0.1253
 0.9686   -0.2487
 0.9298   -0.3681
 0.8763   -0.4817
 0.8090   -0.5878
 0.7290   -0.6845
 0.6374   -0.7705
 0.5358   -0.8443
 0.4258   -0.9048
 0.3090   -0.9511
 0.1874   -0.9823
 0.0628   -0.9980
-0.0628   -0.9980
-0.1874   -0.9823
-0.3090   -0.9511
-0.4258   -0.9048
-0.5358   -0.8443
-0.6374   -0.7705
-0.7290   -0.6846
-0.8090   -0.5878
-0.8763   -0.4818
-0.9298   -0.3681
-0.9686   -0.2487
-0.9921   -0.1254
-1.0000   -0.0000
-0.9921    0.1253
-0.9686    0.2487
-0.9298    0.3681
-0.8763    0.4817
-0.8090    0.5878
-0.7290    0.6845
-0.6374    0.7705
-0.5358    0.8443
-0.4258    0.9048
-0.3090    0.9510
-0.1874    0.9823
-0.0628    0.9980
 0.0628    0.9980
 0.1874    0.9823
 0.3090    0.9511
 0.4258    0.9048
 0.5358    0.8443
 0.6374    0.7705
 0.7290    0.6846
 0.8090    0.5878
 0.8763    0.4818
 0.9298    0.3681
 0.9686    0.2487
 0.9921    0.1254
 1.0000    0.0000
 0.9921   -0.1253
 0.9686   -0.2487
 0.9298   -0.3681
 0.8763   -0.4817
 0.8090   -0.5878
 0.7290   -0.6845
 0.6374   -0.7705
 0.5358   -0.8443
 0.4258   -0.9048
 0.3090   -0.9510
 0.1874   -0.9823
 0.0628   -0.9980
-0.0628   -0.9980
-0.1874   -0.9823
-0.3090   -0.9511
-0.4258   -0.9048
-0.5358   -0.8443
-0.6374   -0.7705
-0.7289   -0.6846
-0.8090   -0.5878
-0.8763   -0.4818
-0.9298   -0.3682
-0.9686   -0.2487
-0.9921   -0.1254
-1.0000   -0.0000
-0.9921    0.1253
-0.9686    0.2487
-0.9298    0.3681
-0.8763    0.4817
-0.8090    0.5878
-0.7290    0.6845
-0.6374    0.7705
-0.5359    0.8443
-0.4258    0.9048
-0.3090    0.9510
-0.1874    0.9823
-0.0628    0.9980
 0.0628    0.9980
 0.1873    0.9823
 0.3090    0.9511
 0.4257    0.9048
 0.5358    0.8443
 0.6374    0.7705
 0.7289    0.6846
 0.8090    0.5878
 0.8763    0.4818
 0.9298    0.3682
 0.9686    0.2487
 0.9921    0.1254
 1.0000    0.0000
 0.9921   -0.1253
 0.9686   -0.2487
 0.9298   -0.3681
 0.8763   -0.4817
 0.8090   -0.5878
 0.7290   -0.6845
 0.6375   -0.7705
 0.5359   -0.8443
 0.4258   -0.9048
 0.3091   -0.9510
 0.1874   -0.9823
 0.0628   -0.9980
-0.0627   -0.9980
-0.1873   -0.9823
-0.3090   -0.9511
-0.4257   -0.9048
-0.5358   -0.8443
-0.6374   -0.7705
-0.7289   -0.6846
-0.8090   -0.5878
-0.8763   -0.4818
-0.9298   -0.3682
-0.9686   -0.2487
-0.9921   -0.1254
-1.0000   -0.0000
-0.9921    0.1253
-0.9686    0.2486
-0.9298    0.3681
-0.8763    0.4817
-0.8090    0.5877
-0.7290    0.6845
-0.6375    0.7705
-0.5359    0.8443
-0.4258    0.9048
-0.3091    0.9510
-0.1874    0.9823
-0.0628    0.9980
 0.0627    0.9980
 0.1873    0.9823
 0.3090    0.9511
 0.4257    0.9048
 0.5358    0.8444
 0.6374    0.7705
 0.7289    0.6846
 0.8090    0.5878
 0.8763    0.4818
 0.9298    0.3682
 0.9686    0.2487
 0.9921    0.1254
 1.0000    0.0001
 0.9921   -0.1253
 0.9686   -0.2486
 0.9298   -0.3681
 0.8763   -0.4817
 0.8090   -0.5877
 0.7290   -0.6845
 0.6375   -0.7705
 0.5359   -0.8443
 0.4258   -0.9048
 0.3091   -0.9510
 0.1874   -0.9823
 0.0628   -0.9980
-0.0627   -0.9980
-0.1873   -0.9823
-0.3090   -0.9511
-0.4257   -0.9048
-0.5358   -0.8444
-0.6374   -0.7705
-0.7289   -0.6846
-0.8090   -0.5878
-0.8763   -0.4818
-0.9297   -0.3682
-0.9686   -0.2487
-0.9921   -0.1254
-1.0000   -0.0001
-0.9921    0.1253
-0.9686    0.2486
-0.9298    0.3681
-0.8763    0.4817
-0.8090    0.5877
-0.7290    0.6845
-0.6375    0.7705
-0.5359    0.8443
-0.4258    0.9048
-0.3091    0.9510
-0.1874    0.9823
-0.0629    0.9980
 0.0627    0.9980
 0.1873    0.9823
 0.3090    0.9511
 0.4257    0.9048
 0.5358    0.8444
 0.6374    0.7705
 0.7289    0.6846
 0.8090    0.5878
 0.8763    0.4818
 0.9297    0.3682
 0.9686    0.2488
 0.9921    0.1254
 1.0000    0.0001
 0.9921   -0.1253
 0.9686   -0.2486
 0.9298   -0.3681
 0.8763   -0.4817
 0.8091   -0.5877
 0.7290   -0.6845
 0.6375   -0.7705
 0.5359   -0.8443
 0.4258   -0.9048
 0.3091   -0.9510
 0.1874   -0.9823
 0.0629   -0.9980
-0.0627   -0.9980
-0.1873   -0.9823
-0.3089   -0.9511
-0.4257   -0.9048
-0.5358   -0.8444
-0.6374   -0.7706
-0.7289   -0.6846
-0.8090   -0.5878
-0.8763   -0.4818
-0.9297   -0.3682
-0.9686   -0.2488
-0.9921   -0.1254
-1.0000   -0.0001
-0.9921    0.1253
-0.9686    0.2486
-0.9298    0.3681
-0.8763    0.4817
-0.8091    0.5877
-0.7290    0.6845
-0.6375    0.7705
-0.5359    0.8443
-0.4258    0.9048
-0.3091    0.9510
-0.1875    0.9823
-0.0629    0.9980
 0.0627    0.9980
 0.1873    0.9823
 0.3089    0.9511
 0.4257    0.9049
 0.5358    0.8444
 0.6374    0.7706
 0.7289    0.6846
 0.8090    0.5878
 0.8763    0.4818
 0.9297    0.3682
 0.9686    0.2488
 0.9921    0.1254
 1.0000    0.0001
 0.9921   -0.1253
 0.9686   -0.2486
 0.9298   -0.3680
 0.8763   -0.4817
 0.8091   -0.5877
 0.7290   -0.6845
 0.6375   -0.7705
 0.5359   -0.8443
 0.4258   -0.9048
 0.3091   -0.9510
 0.1875   -0.9823
 0.0629   -0.9980
-0.0627   -0.9980
-0.1873   -0.9823
-0.3089   -0.9511
-0.4257   -0.9049
-0.5358   -0.8444
-0.6374   -0.7706
-0.7289   -0.6846
-0.8090   -0.5878
-0.8763   -0.4818
-0.9297   -0.3682
-0.9686   -0.2488
-0.9921   -0.1254
-1.0000   -0.0001
-0.9921    0.1252
-0.9686    0.2486
-0.9298    0.3680
-0.8763    0.4817
-0.8091    0.5877
-0.7290    0.6845
-0.6375    0.7705
-0.5359    0.8443
-0.4259    0.9048
-0.3091    0.9510
-0.1875    0.9823
-0.0629    0.9980
 0.0627    0.9980
 0.1873    0.9823
 0.3089    0.9511
 0.4257    0.9049
 0.5357    0.8444
 0.6373    0.7706
 0.7289    0.6846
 0.8090    0.5879
 0.8763    0.4818
 0.9297    0.3682
 0.9686    0.2488
 0.9921    0.1254
 1.0000    0.0001
 0.9921   -0.1252
 0.9686   -0.2486
 0.9298   -0.3680
 0.8763   -0.4817
 0.8091   -0.5877
 0.7290   -0.6845
 0.6375   -0.7704
 0.5359   -0.8443
 0.4259   -0.9048
 0.3091   -0.9510
 0.1875   -0.9823
 0.0629   -0.9980
-0.0627   -0.9980
-0.1873   -0.9823
-0.3089   -0.9511
-0.4257   -0.9049
-0.5357   -0.8444
-0.6373   -0.7706
-0.7289   -0.6846
-0.8090   -0.5879
-0.8763   -0.4818
-0.9297   -0.3682
-0.9685   -0.2488
-0.9921   -0.1254
-1.0000   -0.0001
-0.9921    0.1252
-0.9686    0.2486
-0.9298    0.3680
-0.8763    0.4817
-0.8091    0.5877
-0.7290    0.6845
-0.6375    0.7704
-0.5359    0.8443
-0.4259    0.9048
-0.3091    0.9510
-0.1875    0.9823
-0.0629    0.9980
 0.0627    0.9980
 0.1873    0.9823
 0.3089    0.9511
 0.4257    0.9049
 0.5357    0.8444
 0.6373    0.7706
 0.7289    0.6846
 0.8089    0.5879
 0.8762    0.4818
 0.9297    0.3682
 0.9685    0.2488
 0.9921    0.1254
 1.0000    0.0001
 0.9921   -0.1252
 0.9686   -0.2486
 0.9298   -0.3680
 0.8763   -0.4817
 0.8091   -0.5877
 0.7290   -0.6845
 0.6375   -0.7704
 0.5359   -0.8443
 0.4259   -0.9048
 0.3091   -0.9510
 0.1875   -0.9823
 0.0629   -0.9980
-0.0627   -0.9980
-0.1873   -0.9823
-0.3089   -0.9511
-0.4257   -0.9049
-0.5357   -0.8444
-0.6373   -0.7706
-0.7289   -0.6846
-0.8089   -0.5879
-0.8762   -0.4818
-0.9297   -0.3682
-0.9685   -0.2488
-0.9921   -0.1254
-1.0000   -0.0001
-0.9921    0.1252
-0.9686    0.2486
-0.9298    0.3680
-0.8763    0.4817
-0.8091    0.5877
-0.7290    0.6845
-0.6375    0.7704
-0.5359    0.8443
-0.4259    0.9048
-0.3091    0.9510
-0.1875    0.9823
-0.0629    0.9980
 0.0627    0.9980
 0.1873    0.9823
 0.3089    0.9511
 0.4257    0.9049
 0.5357    0.8444
 0.6373    0.7706
 0.7289    0.6846
 0.8089    0.5879
 0.8762    0.4818
 0.9297    0.3682
 0.9685    0.2488
 0.9921    0.1254
 1.0000    0.0001
 0.9921   -0.1252
 0.9686   -0.2486
 0.9298   -0.3680
 0.8764   -0.4816
 0.8091   -0.5877
 0.7290   -0.6845
 0.6375   -0.7704
 0.5359   -0.8443
 0.4259   -0.9048
 0.3091   -0.9510
 0.1875   -0.9823
 0.0629   -0.9980
-0.0627   -0.9980
-0.1873   -0.9823
-0.3089   -0.9511
-0.4257   -0.9049
-0.5357   -0.8444
-0.6373   -0.7706
-0.7289   -0.6846
-0.8089   -0.5879
-0.8762   -0.4819
-0.9297   -0.3682
-0.9685   -0.2488
-0.9921   -0.1255
-1.0000   -0.0001
-0.9921    0.1252
-0.9686    0.2486
-0.9298    0.3680
-0.8764    0.4816
-0.8091    0.5877
-0.7290    0.6844
-0.6375    0.7704
-0.5359    0.8442
-0.4259    0.9048
-0.3091    0.9510
-0.1875    0.9823
-0.0629    0.9980
 0.0627    0.9980
 0.1873    0.9823
 0.3089    0.9511
 0.4257    0.9049
 0.5357    0.8444
 0.6373    0.7706
 0.7289    0.6846
 0.8089    0.5879
 0.8762    0.4819
 0.9297    0.3682
 0.9685    0.2488
 0.9921    0.1255
 1.0000    0.0001
