 1.000   0.000
 1.100   0.001
 1.200   0.001
 1.300   0.001
 1.400   0.001
 1.500   0.001
 1.600   0.001
 1.700   0.001
 1.800   0.001
 1.900   0.001
 2.000   0.001
 2.100   0.002
 2.200   0.002
 2.300   0.002
 2.400   0.002
 2.500   0.002
 2.600   0.002
 2.700   0.003
 2.800   0.003
 2.900   0.003
 3.000   0.003
 3.100   0.003
 3.200   0.004
 3.300   0.004
 3.400   0.004
 3.500   0.005
 3.600   0.005
 3.700   0.005
 3.800   0.006
 3.900   0.006
 4.000   0.007
 4.100   0.007
 4.200   0.008
 4.300   0.008
 4.400   0.009
 4.500   0.009
 4.600   0.010
 4.700   0.011
 4.800   0.011
 4.900   0.012
 5.000   0.013
 5.100   0.014
 5.200   0.015
 5.300   0.016
 5.400   0.017
 5.500   0.018
 5.600   0.019
 5.700   0.021
 5.800   0.022
 5.900   0.023
 6.000   0.025
 6.100   0.027
 6.200   0.028
 6.300   0.030
 6.400   0.032
 6.500   0.035
 6.600   0.037
 6.700   0.039
 6.800   0.042
 6.900   0.045
 7.000   0.048
 7.100   0.051
 7.200   0.055
 7.300   0.058
 7.400   0.062
 7.500   0.067
 7.600   0.071
 7.700   0.076
 7.800   0.081
 7.900   0.087
 8.000   0.093
 8.100   0.099
 8.200   0.106
 8.300   0.113
 8.400   0.121
 8.500   0.129
 8.600   0.138
 8.700   0.147
 8.800   0.157
 8.900   0.168
 9.000   0.179
 9.100   0.191
 9.200   0.204
 9.300   0.217
 9.400   0.231
 9.500   0.246
 9.600   0.262
 9.700   0.279
 9.800   0.297
 9.900   0.315
10.000   0.335
10.100   0.355
10.200   0.377
10.300   0.399
10.400   0.422
10.500   0.445
10.600   0.470
10.700   0.495
10.800   0.520
10.900   0.546
11.000   0.572
11.100   0.599
11.200   0.625
11.300   0.652
11.400   0.678
11.500   0.704
11.600   0.729
11.700   0.754
11.800   0.778
11.900   0.801
12.000   0.823
12.100   0.843
12.200   0.863
12.300   0.881
12.400   0.898
12.500   0.913
12.600   0.928
12.700   0.940
12.800   0.952
12.900   0.962
13.000   0.970
13.100   0.978
13.200   0.984
13.300   0.989
13.400   0.993
13.500   0.996
13.600   0.998
13.700   0.999
13.800   1.000
13.900   1.000
14.000   0.999
14.100   0.998
14.200   0.996
14.300   0.994
14.400   0.992
14.500   0.989
14.600   0.986
14.700   0.983
14.800   0.980
14.900   0.977
15.000   0.973
15.100   0.970
15.200   0.966
15.300   0.963
15.400   0.959
15.500   0.956
15.600   0.952
15.700   0.949
15.800   0.946
15.900   0.943
16.000   0.940
16.100   0.937
16.200   0.934
16.300   0.931
16.400   0.929
16.500   0.926
16.600   0.924
16.700   0.922
16.800   0.920
16.900   0.918
17.000   0.916
17.100   0.915
17.200   0.913
17.300   0.912
17.400   0.911
17.500   0.910
17.600   0.909
17.700   0.908
17.800   0.907
17.900   0.907
18.000   0.906
18.100   0.906
18.200   0.905
18.300   0.905
18.400   0.905
18.500   0.905
18.600   0.906
18.700   0.906
18.800   0.906
18.900   0.906
19.000   0.907
19.100   0.908
19.200   0.908
19.300   0.909
19.400   0.910
19.500   0.911
19.600   0.911
19.700   0.912
19.800   0.914
19.900   0.915
20.000   0.916
20.100   0.917
20.200   0.918
20.300   0.919
20.400   0.921
20.500   0.922
20.600   0.923
20.700   0.925
20.800   0.926
20.900   0.928
21.000   0.929
21.100   0.931
21.200   0.932
21.300   0.934
21.400   0.936
21.500   0.937
21.600   0.939
21.700   0.940
21.800   0.942
21.900   0.943
22.000   0.945
22.100   0.947
22.200   0.948
22.300   0.950
22.400   0.951
22.500   0.953
22.600   0.955
22.700   0.956
22.800   0.958
22.900   0.959
23.000   0.961
23.100   0.962
23.200   0.964
23.300   0.965
23.400   0.967
23.500   0.968
23.600   0.969
23.700   0.971
23.800   0.972
23.900   0.973
24.000   0.975
24.100   0.976
24.200   0.977
24.300   0.978
24.400   0.979
24.500   0.980
24.600   0.982
24.700   0.983
24.800   0.984
24.900   0.985
25.000   0.986
25.100   0.987
25.200   0.987
25.300   0.988
25.400   0.989
25.500   0.990
25.600   0.991
25.700   0.991
25.800   0.992
25.900   0.993
26.000   0.993
