         200   13508.1357       9.31970215    
         201   14961.0908       14.5966196    
         202   16582.6797       20.9267845    
         203   18363.6465       28.2473869    
         204   20317.9395       36.5758743    
         205   22408.3105       45.6956711    
         206   24607.4551       55.4014397    
         207   26858.3750       65.3214722    
         208   29124.0977       75.1295929    
         209   31324.3320       84.2674942    
         210   33399.0469       92.2334061    
         211   35310.1758       98.5784836    
         212   37000.3906       102.769768    
         213   38427.8047       104.371368    
         214   39583.4766       103.055595    
         215   40450.0000       98.6099854    
         216   41040.6484       90.9436340    
         217   41376.5000       80.0449142    
         218   41484.8516       66.1997986    
         219   41405.4609       49.6743050    
         220   41178.6953       30.7886963    
         221   40847.9883       10.1212778    
         222   40457.3477      -11.6562443    
         223   40041.2930      -34.1725578    
         224   39633.3203      -56.8506241    
         225   39265.8008      -78.9066010    
         226   38957.9727      -100.054184    
         227   38729.7109      -119.741241    
         228   38594.6055      -137.612671    
         229   38562.8125      -153.405518    
         230   38642.6406      -167.016495    
         231   38840.3828      -178.277817    
         232   39162.4297      -187.236740    
         233   39611.1289      -193.907837    
         234   40187.9414      -198.434448    
         235   40896.6172      -201.016785    
         236   41736.2266      -201.851410    
         237   42691.0156      -201.175125    
         238   43767.6680      -199.218399    
         239   44934.1797      -196.249619    
         240   46191.7070      -192.441681    
         241   47502.9492      -188.032822    
         242   48839.3320      -183.202423    
         243   50176.7734      -178.065735    
         244   51480.4375      -172.733231    
         245   52706.2422      -167.319534    
         246   53824.8203      -161.847763    
         247   54799.6445      -156.349731    
         248   55592.0430      -150.872192    
         249   56178.1367      -145.381317    
         250   56530.9961      -139.901993    
         251   56635.3672      -134.352112    
         252   56476.9180      -128.787262    
         253   56051.0117      -123.162674    
         254   55363.7656      -117.510612    
         255   54413.8047      -111.761192    
         256   53227.2344      -106.000130    
         257   51817.8828      -100.210648    
         258   50209.6289      -94.4207458    
         259   48442.3828      -88.7037277    
         260   46522.4336      -83.0230179    
         261   44506.8320      -77.4982834    
         262   42400.2461      -72.0999451    
         263   40262.7500      -66.9463120    
         264   38110.3125      -62.0426674    
         265   35971.0352      -57.4277153    
         266   33870.5547      -53.1348572    
         267   31845.9043      -49.2176704    
         268   29887.6738      -45.6393623    
         269   28026.9434      -42.4401398    
         270   26289.1680      -39.6414680    
         271   24658.8730      -37.1960297    
         272   23156.1348      -35.1102715    
         273   21794.8984      -33.3721733    
         274   20556.6172      -31.9240875    
         275   19451.5586      -30.7407932    
         276   18477.5508      -29.7762966    
         277   17636.9277      -28.9844437    
         278   16911.9023      -28.2969494    
         279   16303.6299      -27.6603584    
         280   15805.6748      -27.0121651    
         281   15411.1934      -26.2886372    
         282   15111.1055      -25.4185352    
         283   14902.9502      -24.3528328    
         284   14776.8994      -23.0256405    
         285   14725.8936      -21.3662491    
         286   14743.9893      -19.3502293    
         287   14824.9189      -16.8988743    
         288   14962.4746      -13.9883060    
         289   15150.6328      -10.5878487    
         290   15385.7549      -6.64042187    
         291   15658.3896      -2.19915271    
         292   15967.7773       2.81428623    
         293   16306.5840       8.35772705    
         294   16669.7715       14.4142675    
         295   17052.4531       20.9572449    
         296   17453.4102       28.0143185    
         297   17860.9668       35.4180946    
         298   18277.6836       43.2467384    
         299   18699.1367       51.4507141    
         300   19113.3262       59.8185272    
         301   19523.2305       68.4294205    
         302   19920.7109       77.1339951    
         303   20301.5332       85.8550720    
         304   20664.8848       94.5951157    
         305   21003.2656       103.195740    
         306   21312.9824       111.580315    
         307   21590.6641       119.675934    
         308   21835.3906       127.486305    
         309   22041.6445       134.869385    
         310   22207.0645       141.767212    
         311   22330.7168       148.188446    
         312   22409.2734       154.020386    
         313   22441.7852       159.275330    
         314   22427.0312       163.823807    
         315   22364.6270       167.736649    
         316   22253.5156       170.983871    
         317   22094.9004       173.520706    
         318   21890.0723       175.352570    
         319   21637.9746       176.500793    
         320   21345.8008       176.962204    
         321   21006.3047       176.767639    
         322   20627.8887       175.933578    
         323   20213.6504       174.497772    
         324   19766.9023       172.501968    
         325   19285.8770       169.961838    
         326   18773.1836       166.908829    
         327   18243.3477       163.457535    
         328   17682.6621       159.541397    
         329   17112.4102       155.330673    
         330   16523.9453       150.785980    
         331   15920.3760       145.948181    
         332   15311.5986       140.915665    
         333   14701.0068       135.736679    
         334   14084.9131       130.396561    
         335   13466.2021       124.934212    
         336   12854.5469       119.449532    
         337   12252.5137       113.980186    
         338   11655.6426       108.497818    
         339   11072.8652       103.095490    
         340   10499.4248       97.7390213    
         341   9943.62109       92.5149689    
         342   9400.48828       87.3846207    
         343   8877.60742       82.4266434    
         344   8369.88281       77.5989685    
         345   7884.14014       72.9717789    
         346   7415.24609       68.5008240    
         347   6969.23682       64.2475433    
         348   6541.03809       60.1667023    
         349   6135.92627       56.3112450    
         350   5748.94238       52.6359367    
         351   5384.64941       49.1856346    
         352   5038.27344       45.9161415    
         353   4709.76221       42.8278122    
         354   4402.69434       39.9544830    
         355   4116.19141       37.2875557    
         356   3842.69019       34.7564545    
         357   3591.77368       32.4491692    
         358   3353.05884       30.2692719    
         359   3134.86572       28.2915821    
         360   2927.90454       26.4305992    
         361   2736.95581       24.7281342    
         362   2560.96411       23.1729145    
         363   2396.81665       21.7357864    
         364   2243.95044       20.4103680    
         365   2103.59448       19.2055588    
         366   1973.11060       18.0969181    
         367   1851.94104       17.0781498    
         368   1740.97766       16.1549625    
         369   1639.35962       15.3182650    
         370   1545.03687       14.5495129    
         371   1457.52600       13.8433113    
         372   1376.35693       13.1944504    
         373   1302.06860       12.6057529    
         374   1233.08704       12.0633631    
         375   1169.86792       11.5695868    
         376   1111.04956       11.1126146    
         377   1057.02478       10.6944599    
         378   1006.61804       10.3050861    
         379   959.528870       9.94135666    
         380   915.474182       9.60036182    
         381   874.761169       9.28388023    
         382   837.041870       8.98875332    
         383   800.989258       8.70417309    
         384   767.451904       8.43649960    
         385   736.166626       8.18352032    
         386   706.036804       7.93619919    
         387   677.802551       7.70050955    
         388   651.270813       7.47499371    
         389   625.519897       7.25184298    
         390   601.575134       7.04011965    
         391   578.215454       6.82925463    
         392   556.068848       6.62507486    
         393   534.704163       6.42389679    
         394   514.059082       6.22535133    
         395   494.381348       6.03215647    
         396   475.302460       5.84103298    
         397   456.782959       5.65184355    
         398   439.066010       5.46741772    
         399   421.830048       5.28475237    
         400   405.314514       5.10671282    
         401   388.967377       4.92760181    
         402   373.291626       4.75317669    
         403   358.011719       4.58067560    
         404   343.354767       4.41294575    
         405   329.063568       4.24731302    
         406   315.132080       4.08391190    
         407   301.775726       3.92550611    
         408   288.546051       3.76695943    
         409   275.874542       3.61361313    
         410   263.743073       3.46547747    
         411   251.739426       3.31766820    
         412   240.263321       3.17524219    
         413   229.298157       3.03816962    
         414   218.465393       2.90184069    
         415   208.132401       2.77097869    
         416   198.112564       2.64334249    
         417   188.405472       2.51901436    
         418   179.169861       2.40012884    
         419   170.234924       2.28457499    
         420   161.599365       2.17240596    
         421   153.261734       2.06366467    
         422   145.358673       1.96020103    
         423   137.739151       1.86010015    
         424   130.400696       1.76337552    
         425   123.464035       1.67166829    
         426   116.792511       1.58321798    
         427   110.382713       1.49801278    
         428   104.230812       1.41603339    
         429   98.4376984       1.33865762    
         430   92.7844315       1.26298654    
         431   87.4720459       1.19173419    
         432   82.4828186       1.12469184    
         433   77.6235504       1.05928135    
         434   73.0692596      0.997875094    
         435   68.7228012      0.939181447    
         436   64.5788879      0.883142292    
         437   60.7047768      0.830681264    
         438   57.0152054      0.780656874    
         439   53.5048180      0.733005583    
         440   50.1682129      0.687663078    
         441   46.9999161      0.644562602    
         442   44.0506668      0.604402959    
         443   41.2527618      0.566269338    
         444   38.6009483      0.530095518    
         445   36.0899849      0.495815307    
         446   33.7599373      0.463980854    
         447   31.5553474      0.433839083    
         448   29.4713650      0.405327022    
         449   27.5031757      0.378382146    
         450   25.6821289      0.353436768    
         451   23.9293041      0.329412490    
         452   22.3104095      0.307211906    
         453   20.8153343      0.286699206    
         454   19.3776951      0.266965300    
         455   18.0522861      0.248763904    
         456   16.7799606      0.231284082    
         457   15.6089582      0.215189829    
         458   14.5311747      0.200371295    
         459   13.4973650      0.186152324    
         460   12.5474043      0.173082292    
         461   11.6376829      0.160561889    
         462   10.8203011      0.149308994    
         463   10.0373631      0.138527244    
         464   9.30446053      0.128431812    
         465   8.63305569      0.119181126    
         466   8.00464439      0.110520758    
         467   7.41691780      0.102419227    
         468   6.86765575       9.48463231E-02
         469   6.35473680       8.77729878E-02
         470   5.88616610       8.13100114E-02
         471   5.44858408       7.52733275E-02
         472   5.04023457       6.96389601E-02
         473   4.65944338       6.43839613E-02
         474   4.31222057       5.95914796E-02
         475   3.98127508       5.50229698E-02
         476   3.67992949       5.08624725E-02
         477   3.39926267       4.69869599E-02
         478   3.13803792       4.33794484E-02
         479   2.89507437       4.00237143E-02
         480   2.67419982       3.69727090E-02
         481   2.46869898       3.41337584E-02
         482   2.27334690       3.14347334E-02
         483   2.09610915       2.89857276E-02
         484   1.93522406       2.67624576E-02
         485   1.78223729       2.46481560E-02
         486   1.64353991       2.27311701E-02
         487   1.51182127       2.09104884E-02
         488   1.39255702       1.92618333E-02
         489   1.28196836       1.77329872E-02
         490   1.18183744       1.63486190E-02
         491   1.08675361       1.50339436E-02
         492   1.00076604       1.38449557E-02
         493  0.919210911       1.27171930E-02
         494  0.845546126       1.16984770E-02
         495  0.778961182       1.07776178E-02
         496  0.715764403       9.90357064E-03
         497  0.657336295       9.09543503E-03
         498  0.604614973       8.36619455E-03
         499  0.555833101       7.69141689E-03
         500  0.510722280       7.06738885E-03
         501  0.469028652       6.49060961E-03
         502  0.430515379       5.95780229E-03
         503  0.394959539       5.46588888E-03
         504  0.362940073       5.02288761E-03
         505  0.332623631       4.60343249E-03
         506  0.305352360       4.22609737E-03
         507  0.280178547       3.87777155E-03
         508  0.257525563       3.56431631E-03
         509  0.236064479       3.26734479E-03
         510  0.216284946       2.99363467E-03
         511  0.198513523       2.74770684E-03
         512  0.182116881       2.52079708E-03
         513  0.166996300       2.31154123E-03
         514  0.153059244       2.11865944E-03
         515  0.140219584       1.94096158E-03
         516  0.128396824       1.77733332E-03
         517  0.117790647       1.63053989E-03
         518  0.108012527       1.49520417E-03
         519   9.87686142E-02   1.36725977E-03
         520   9.04879794E-02   1.25264598E-03
         521   8.28646943E-02   1.14712876E-03
         522   7.60319084E-02   1.05255144E-03
         523   6.95654228E-02   9.63043247E-04
         524   6.36205897E-02   8.80754087E-04
         525   5.82995228E-02   8.07098171E-04
         526   5.34010530E-02   7.39290845E-04
         527   4.88935523E-02   6.76894910E-04
         528   4.47476432E-02   6.19503437E-04
         529   4.09360714E-02   5.66739589E-04
         530   3.74333933E-02   5.18251152E-04
         531   3.43017429E-02   4.74898348E-04
         532   3.13406736E-02   4.33906564E-04
         533   2.86955331E-02   3.97288037E-04
         534   2.62631737E-02   3.63614759E-04
         535   2.40274481E-02   3.32663301E-04
         536   2.19732858E-02   3.04225192E-04
         537   2.00867336E-02   2.78107240E-04
         538   1.84023045E-02   2.54787330E-04
         539   1.68091506E-02   2.32730905E-04
         540   1.53878229E-02   2.13053121E-04
         541   1.40813990E-02   1.94966007E-04
         542   1.28810387E-02   1.78347211E-04
         543   1.17785791E-02   1.63083707E-04
         544   1.07664317E-02   1.49070474E-04
         545   9.83755384E-03   1.36210016E-04
         546   9.00947675E-03   1.24745071E-04
         547   8.22609384E-03   1.13898903E-04
         548   7.52823986E-03   1.04236824E-04
         549   6.86856313E-03   9.51032634E-05
         550   6.28136238E-03   8.69731448E-05
         551   5.74232731E-03   7.95098458E-05
         552   5.24768746E-03   7.26611906E-05
         553   4.80714440E-03   6.65615298E-05
         554   4.38999990E-03   6.07857983E-05
         555   4.01873887E-03   5.56453488E-05
         556   3.66745191E-03   5.07814257E-05
         557   3.35502811E-03   4.64555924E-05
         558   3.06819519E-03   4.24840728E-05
         559   2.80495337E-03   3.88391818E-05
         560   2.56344187E-03   3.54951553E-05
         561   2.34194519E-03   3.24282519E-05
         562   2.13887519E-03   2.96164817E-05
         563   1.95276376E-03   2.70395085E-05
         564   1.78735668E-03   2.47492062E-05
         565   1.63545134E-03   2.26458596E-05
         566   1.49168470E-03   2.06551867E-05
         567   1.36404065E-03   1.88877566E-05
         568   1.24692905E-03   1.72661603E-05
         569   1.13951694E-03   1.57788636E-05
         570   1.04103168E-03   1.44151700E-05
         571   9.53552488E-04   1.32038685E-05
         572   8.70603952E-04   1.20553032E-05
         573   7.96971668E-04   1.10357296E-05
         574   7.27196690E-04   1.00695688E-05
         575   6.65297150E-04   9.21245555E-06
         576   6.08487811E-04   8.42582176E-06
         577   5.56367100E-04   7.70411134E-06
         578   5.08561905E-04   7.04215472E-06
         579   4.64728189E-04   6.43519161E-06
         580   4.24548343E-04   5.87882096E-06
         581   3.87729233E-04   5.36898506E-06
         582   3.55076540E-04   4.91684159E-06
         583   3.24095658E-04   4.48784704E-06
         584   2.96636892E-04   4.10762323E-06
         585   2.71430297E-04   3.75858394E-06
         586   2.47534917E-04   3.42770113E-06
         587   2.26374861E-04   3.13469377E-06
         588   2.06966957E-04   2.86594923E-06
         589   1.89171376E-04   2.61952960E-06
         590   1.73397682E-04   2.40110762E-06
         591   1.58403098E-04   2.19347407E-06
         592   1.44665741E-04   2.00324871E-06
         593   1.32499277E-04   1.83477653E-06
         594   1.21325123E-04   1.68004465E-06
         595   1.10714485E-04   1.53311555E-06
         596   1.01324877E-04   1.40309430E-06
         597   9.27079600E-05   1.28377292E-06
         598   8.48022537E-05   1.17429977E-06
         599   7.75509689E-05   1.07388837E-06
         600   7.09016094E-05   9.81811922E-07
