  0.500000000       0.00000000    
  0.649999976       0.00000000    
  0.799999952       0.00000000    
  0.949999928       0.00000000    
   1.09999990       0.00000000    
   1.24999988       0.00000000    
   1.39999986       0.00000000    
   1.54999983       0.00000000    
   1.69999981       0.00000000    
   1.84999979       0.00000000    
   1.99999976       0.00000000    
   2.14999986       0.00000000    
   2.29999995       0.00000000    
   2.45000005       0.00000000    
   2.60000014       0.00000000    
   2.75000024       0.00000000    
   2.90000033       0.00000000    
   3.05000043       0.00000000    
   3.20000052       0.00000000    
   3.35000062       0.00000000    
   3.50000072       0.00000000    
   3.65000081       0.00000000    
   3.80000091       0.00000000    
   3.95000100       0.00000000    
   4.10000086       0.00000000    
   4.25000095       0.00000000    
   4.40000105       0.00000000    
   4.55000114       0.00000000    
   4.70000124       0.00000000    
   4.85000134       0.00000000    
   5.00000143       0.00000000    
   5.15000153       0.00000000    
   5.30000162       0.00000000    
   5.45000172       0.00000000    
   5.60000181       0.00000000    
   5.75000191       0.00000000    
   5.90000200       0.00000000    
   6.05000210       0.00000000    
   6.20000219       0.00000000    
   6.35000229       0.00000000    
   6.50000238       0.00000000    
   6.65000248       0.00000000    
   6.80000257       0.00000000    
   6.95000267       0.00000000    
   7.10000277       0.00000000    
   7.25000286       0.00000000    
   7.40000296       0.00000000    
   7.55000305       4.40428107E-42
   7.70000315       3.93459184E-37
   7.85000324       1.71065197E-32
   8.00000286       3.62007591E-28
   8.15000248       3.72891868E-24
   8.30000210       1.86963627E-20
   8.45000172       4.56291355E-17
   8.60000134       5.42046266E-14
   8.75000095       3.13429248E-11
   8.90000057       8.82170959E-09
   9.05000019       1.20857965E-06
   9.19999981       8.05949094E-05
   9.34999943       2.61606951E-03
   9.49999905       4.13333364E-02
   9.64999866      0.317878664    
   9.79999828       1.18995833    
   9.94999790       2.16826200    
   10.0999975       1.92309773    
   10.2499971      0.830233872    
   10.3999968      0.174465343    
   10.5499964       1.78454481E-02
   10.6999960       8.88495357E-04
   10.8499956       2.15324180E-05
   10.9999952       2.54003453E-07
   11.1499949       1.45846435E-09
   11.2999945       4.07626060E-12
   11.4499941       5.54546753E-15
   11.5999937       3.67216907E-18
   11.7499933       1.18363477E-21
   11.8999929       1.85704341E-25
   12.0499926       1.41819869E-29
   12.1999922       5.27178635E-34
   12.3499918       9.53877738E-39
   12.4999914       8.40779079E-44
   12.6499910       0.00000000    
   12.7999907       0.00000000    
   12.9499903       0.00000000    
   13.0999899       0.00000000    
   13.2499895       0.00000000    
   13.3999891       0.00000000    
   13.5499887       0.00000000    
   13.6999884       0.00000000    
   13.8499880       0.00000000    
   13.9999876       0.00000000    
   14.1499872       0.00000000    
   14.2999868       0.00000000    
   14.4499865       0.00000000    
   14.5999861       0.00000000    
   14.7499857       0.00000000    
   14.8999853       0.00000000    
   15.0499849       0.00000000    
   15.1999846       0.00000000    
   15.3499842       0.00000000    
   15.4999838       0.00000000    
   15.6499834       0.00000000    
   15.7999830       0.00000000    
   15.9499826       0.00000000    
   16.0999832       0.00000000    
   16.2499828       0.00000000    
   16.3999825       0.00000000    
   16.5499821       0.00000000    
   16.6999817       0.00000000    
   16.8499813       0.00000000    
   16.9999809       0.00000000    
   17.1499805       0.00000000    
   17.2999802       0.00000000    
   17.4499798       0.00000000    
   17.5999794       0.00000000    
   17.7499790       0.00000000    
   17.8999786       0.00000000    
   18.0499783       0.00000000    
   18.1999779       0.00000000    
   18.3499775       0.00000000    
   18.4999771       0.00000000    
   18.6499767       0.00000000    
   18.7999763       0.00000000    
   18.9499760       0.00000000    
   19.0999756       0.00000000    
   19.2499752       0.00000000    
   19.3999748       0.00000000    
   19.5499744       0.00000000    
