.000000   .000000   .05261712
.020040   .000000   .05262065
.040080   -.000000   .05699938
.060120   -.000000   .05714287
.080160   .000000   .06020440
.100200   -.000000   .06140657
.120240   .000000   .06374201
.140281   .000000   .06603181
.160321   .000000   .06858708
.180361   -.000000   .07127821
.200401   .000000   .07409979
.220441   .000000   .07702926
.240481   -.000000   .08005287
.260521   .000000   .08315870
.280561   -.000000   .08633700
.300601   .000000   .08957948
.320641   -.000000   .09287909
.340681   -.000000   .09622969
.360721   .000000   .09962596
.380762   -.000000   .10306322
.400802   .000000   .10653735
.420842   -.000000   .11004468
.440882   .000000   .11358197
.460922   -.000000   .11714630
.480962   .000000   .12073507
.501002   -.000000   .12434594
.521042   .000000   .12797680
.541082   -.000000   .13162575
.561122   .000000   .13529107
.581162   -.000000   .13897119
.601202   .000000   .14266470
.621242   -.000000   .14637031
.641283   .000000   .15008684
.661323   -.000000   .15381323
.681363   .000000   .15754849
.701403   -.000000   .16129172
.721443   .000000   .16504211
.741483   -.000000   .16879890
.761523   .000000   .17256140
.781563   -.000000   .17632896
.801603   .000000   .18010101
.821643   -.000000   .18387700
.841683   .000000   .18765643
.861723   -.000000   .19143883
.881764   .000000   .19522379
.901804   -.000000   .19901091
.921844   .000000   .20279981
.941884   -.000000   .20659016
.961924   .000000   .21038163
.981964   -.000000   .21417392
1.002004   .000000   .21796678
1.022044   -.000000   .22175992
1.042084   .000000   .22555313
1.062124   .000000   .22934616
1.082164   .000000   .23313881
1.102204   -.000000   .23693088
1.122244   .000000   .24072219
1.142285   -.000000   .24451255
1.162325   .000000   .24830182
1.182365   -.000000   .25208982
1.202405   .000000   .25587641
1.222445   -.000000   .25966146
1.242485   .000000   .26344484
1.262525   .000000   .26722643
1.282565   .000000   .27100609
1.302605   -.000000   .27478374
1.322645   .000000   .27855926
1.342685   .000000   .28233254
1.362725   .000000   .28610351
1.382766   -.000000   .28987206
1.402806   .000000   .29363811
1.422846   -.000000   .29740158
1.442886   -.000000   .30116239
1.462926   -.000000   .30492046
1.482966   .000000   .30867573
1.503006   -.000000   .31242812
1.523046   .000000   .31617757
1.543086   .000000   .31992402
1.563126   .000000   .32366740
1.583166   .000000   .32740767
1.603206   -.000000   .33114475
1.623246   -.000000   .33487860
1.643287   -.000000   .33860917
1.663327   -.000000   .34233640
1.683367   -.000000   .34606025
1.703407   -.000000   .34978067
1.723447   .000000   .35349762
1.743487   -.000000   .35721104
1.763527   .000000   .36092091
1.783567   -.000000   .36462718
1.803607   .000000   .36832981
1.823647   .000000   .37202876
1.843687   .000000   .37572399
1.863727   .000000   .37941547
1.883767   .000000   .38310316
1.903808   .000000   .38678702
1.923848   .000000   .39046703
1.943888   .000000   .39414315
1.963928   .000000   .39781536
1.983968   .000000   .40148361
2.004008   .000000   .40514787
2.024048   .000000   .40880812
2.044088   .000000   .41246433
2.064128   .000000   .41611647
2.084168   .000000   .41976451
2.104208   .000000   .42340843
2.124249   .000000   .42704819
2.144289   .000000   .43068378
2.164329   .000000   .43431515
2.184369   .000000   .43794230
2.204409   .000000   .44156519
2.224449   .000000   .44518380
2.244489   .000000   .44879811
2.264529   .000000   .45240809
2.284569   .000000   .45601371
2.304609   .000000   .45961497
2.324649   .000000   .46321182
2.344689   .000000   .46680425
2.364729   .000000   .47039223
2.384769   .000000   .47397575
2.404809   .000000   .47755478
2.424850   .000000   .48112930
2.444890   .000000   .48469929
2.464930   .000000   .48826473
2.484970   .000000   .49182560
2.505010   .000000   .49538187
2.525050   .000000   .49893353
2.545090   .000000   .50248055
2.565130   .000000   .50602291
2.585170   .000000   .50956060
2.605210   .000000   .51309360
2.625251   .000000   .51662187
2.645291   .000000   .52014542
2.665331   .000000   .52366420
2.685371   .000000   .52717821
2.705411   .000000   .53068742
2.725451   .000000   .53419182
2.745491   .000000   .53769139
2.765531   .000000   .54118610
2.785571   .000000   .54467593
2.805611   .000000   .54816088
2.825651   .000000   .55164091
2.845691   .000000   .55511601
2.865731   .000000   .55858617
2.885772   .000000   .56205135
2.905812   .000000   .56551155
2.925852   .000000   .56896674
2.945892   .000000   .57241691
2.965932   .000000   .57586202
2.985972   .000000   .57930208
3.006012   .000000   .58273705
3.026052   .000000   .58616692
3.046092   .000000   .58959166
3.066132   .000000   .59301127
3.086172   .000000   .59642571
3.106212   .000000   .59983498
3.126252   .000000   .60323904
3.146292   .000000   .60663789
3.166333   .000000   .61003150
3.186373   .000000   .61341986
3.206413   .000000   .61680293
3.226453   .000001   .62018072
3.246493   .000001   .62355318
3.266533   .000002   .62692032
3.286573   .000004   .63028210
3.306613   .000006   .63363850
3.326653   .000011   .63698951
3.346693   .000017   .64033511
3.366734   .000027   .64367527
3.386774   .000043   .64700998
3.406814   .000067   .65033921
3.426854   .000105   .65366295
3.446894   .000161   .65698118
3.466934   .000245   .66029387
3.486974   .000369   .66360100
3.507014   .000551   .66690255
3.527054   .000814   .67019851
3.547094   .001190   .67348884
3.567134   .001724   .67677354
3.587174   .002471   .68005258
3.607214   .003507   .68332593
3.627254   .004927   .68659357
3.647295   .006851   .68985549
3.667335   .009429   .69311166
3.687375   .012844   .69636206
3.707415   .017317   .69960667
3.727455   .023108   .70284546
3.747495   .030518   .70607842
3.767535   .039887   .70930551
3.787575   .051594   .71252672
3.807615   .066046   .71574202
3.827655   .083671   .71895140
3.847695   .104898   .72215482
3.867735   .130148   .72535226
3.887775   .159801   .72854371
3.907816   .194177   .73172912
3.927856   .233507   .73490849
3.947896   .277902   .73808178
3.967936   .327328   .74124898
3.987976   .381582   .74441005
4.008016   .440271   .74756497
4.028056   .502802   .75071372
4.048096   .568382   .75385626
4.068136   .636022   .75699258
4.088176   .704560   .76012265
4.108216   .772696   .76324644
4.128256   .839024   .76636392
4.148296   .902094   .76947506
4.168337   .960459   .77257985
4.188377   1.012738   .77567825
4.208417   1.057675   .77877023
4.228457   1.094190   .78185577
4.248497   1.121425   .78493484
4.268537   1.138784   .78800740
4.288577   1.145948   .79107343
4.308617   1.142888   .79413290
4.328657   1.129860   .79718578
4.348697   1.107383   .80023204
4.368737   1.076212   .80327165
4.388778   1.037297   .80630457
4.408818   .991733   .80933078
4.428858   .940718   .81235024
4.448898   .885498   .81536293
4.468938   .827318   .81836880
4.488978   .767385   .82136783
4.509018   .706827   .82435999
4.529058   .646666   .82734523
4.549098   .587797   .83032352
4.569138   .530975   .83329484
4.589178   .476810   .83625914
4.609219   .425769   .83921639
4.629259   .378184   .84216655
4.649299   .334260   .84510958
4.669339   .294095   .84804546
4.689379   .257689   .85097414
4.709419   .224968   .85389558
4.729459   .195794   .85680974
4.749499   .169987   .85971659
4.769539   .147335   .86261608
4.789579   .127608   .86550818
4.809619   .110572   .86839284
4.829659   .095993   .87127001
4.849699   .083647   .87413967
4.869740   .073326   .87700176
4.889780   .064843   .87985625
4.909820   .058032   .88270308
4.929860   .052753   .88554221
4.949900   .048894   .88837359
4.969940   .046369   .89119719
4.989980   .045121   .89401295
5.010020   .045122   .89682082
5.030060   .046370   .89962075
5.050100   .048896   .90241270
5.070140   .052756   .90519661
5.090180   .058035   .90797244
5.110220   .064847   .91074013
5.130260   .073331   .91349963
5.150301   .083653   .91625089
5.170341   .096000   .91899386
5.190381   .110581   .92172849
5.210421   .127619   .92445474
5.230461   .147347   .92717255
5.250501   .170001   .92988188
5.270541   .195811   .93258270
5.290581   .224987   .93527497
5.310621   .257712   .93795868
5.330661   .294120   .94063382
5.350701   .334289   .94330038
5.370741   .378216   .94595838
5.390781   .425806   .94860788
5.410821   .476851   .95124893
5.430861   .531021   .95388163
5.450902   .587849   .95650610
5.470942   .646723   .95912249
5.490982   .706889   .96173099
5.511022   .767452   .96433181
5.531062   .827391   .96692522
5.551102   .885575   .96951147
5.571142   .940801   .97209087
5.591182   .991820   .97466372
5.611222   1.037388   .97723032
5.631262   1.076307   .97979097
5.651302   1.107480   .98234594
5.671343   1.129959   .98489549
5.691383   1.142988   .98743981
5.711423   1.146049   .98997905
5.731463   1.138884   .99251333
5.751503   1.121524   .99504267
5.771543   1.094286   .99756708
5.791583   1.057768   1.00008646
5.811623   1.012827   1.00260068
5.831663   .960544   1.00510958
5.851703   .902174   1.00761290
5.871743   .839099   1.01011037
5.891784   .772764   1.01260167
5.911824   .704623   1.01508646
5.931864   .636078   1.01756436
5.951904   .568432   1.02003497
5.971944   .502847   1.02249786
5.991984   .440310   1.02495259
6.012024   .381616   1.02739870
6.032064   .327357   1.02983573
6.052104   .277926   1.03226320
6.072144   .233528   1.03468060
6.092184   .194194   1.03708746
6.112225   .159815   1.03948325
6.132265   .130159   1.04186745
6.152305   .104908   1.04423955
6.172345   .083678   1.04659901
6.192385   .066052   1.04894529
6.212425   .051599   1.05127782
6.232465   .039891   1.05359604
6.252505   .030520   1.05589937
6.272545   .023110   1.05818722
6.292585   .017319   1.06045898
6.312625   .012845   1.06271402
6.332665   .009429   1.06495169
6.352705   .006851   1.06717134
6.372746   .004927   1.06937226
6.392786   .003507   1.07155374
6.412826   .002471   1.07371502
6.432866   .001724   1.07585534
6.452906   .001190   1.07797386
6.472946   .000814   1.08006972
6.492986   .000551   1.08214203
6.513026   .000369   1.08418980
6.533066   .000245   1.08621202
6.553106   .000161   1.08820758
6.573146   .000105   1.09017532
6.593186   .000067   1.09211397
6.613226   .000043   1.09402214
6.633266   .000027   1.09589833
6.653306   .000017   1.09774090
6.673347   .000011   1.09954806
6.693387   .000006   1.10131751
6.713427   .000004   1.10304730
6.733467   .000002   1.10473528
6.753507   .000001   1.10637484
6.773547   .000001   1.10796767
6.793587   .000000   1.10951620
6.813627   .000000   1.11096951
6.833667   .000000   1.11237736
6.853707   .000000   1.11383039
6.873747   .000000   1.11487975
6.893787   .000000   1.11586061
6.913827   .000000   1.11773031
6.933867   .000000   1.11821883
6.953908   .000000   1.11843285
6.973948   .000000   1.12109042
6.993988   .000000   1.12212463
7.014028   .000000   1.12212573
7.034068   .000000   1.12483260
7.054108   .000000   1.12655746
7.074148   .000000   1.12655748
7.094188   .000000   1.13130770
7.114228   .000000   1.13130772
7.134268   .000000   1.13629895
7.154308   .000000   1.13629898
7.174349   .000000   1.14149155
7.194389   .000000   1.14149158
7.214429   .000000   1.14686098
7.234469   .000000   1.14686100
7.254509   .000000   1.15239072
7.274549   .000000   1.15239074
7.294589   .000000   1.15806910
7.314629   .000000   1.15806912
7.334669   .000000   1.16388759
7.354709   .000000   1.16388761
7.374749   -.000000   1.16983990
7.394790   -.000000   1.16983992
7.414830   .000000   1.17592132
7.434870   .000000   1.17592134
7.454910   -.000000   1.18212836
7.474950   -.000000   1.18212839
7.494990   -.000000   1.18845849
7.515030   -.000000   1.18845851
7.535070   .000000   1.19490990
7.555110   -.000000   1.19490992
7.575150   -.000000   1.20148139
7.595191   -.000000   1.20148142
7.615231   .000000   1.20817231
7.635271   -.000000   1.20817234
7.655311   .000000   1.21498241
7.675351   -.000000   1.21498244
7.695391   -.000000   1.22191179
7.715431   -.000000   1.22191182
7.735471   -.000000   1.22896090
7.755511   .000000   1.22896093
7.775551   -.000000   1.23613045
7.795591   -.000000   1.23613048
7.815631   .000000   1.24342141
7.835671   .000000   1.24342144
7.855711   .000000   1.25083498
7.875751   .000000   1.25083500
7.895792   .000000   1.25837255
7.915832   .000000   1.25837257
7.935872   .000000   1.26603574
7.955912   .000000   1.26603577
7.975952   .000000   1.27382635
7.995992   .000000   1.27382639
8.016032   -.000000   1.28174637
8.036072   .000000   1.28174640
8.056112   .000000   1.28979796
8.076152   .000000   1.28979798
8.096192   .000000   1.29798343
8.116232   -.000000   1.29798345
8.136272   -.000000   1.30630531
8.156313   -.000000   1.30630535
8.176353   -.000000   1.31476632
8.196393   .000000   1.31476635
8.216433   -.000000   1.32336935
8.236473   -.000000   1.32336937
8.256513   .000000   1.33211746
8.276553   -.000000   1.33211749
8.296593   .000000   1.34101394
8.316633   .000000   1.34101398
8.336674   -.000000   1.35006231
8.356713   -.000000   1.35006235
8.376754   -.000000   1.35926630
8.396793   .000000   1.35926634
8.416834   -.000000   1.36862988
8.436873   -.000000   1.36862991
8.456914   -.000000   1.37815727
8.476954   -.000000   1.37815729
8.496994   -.000000   1.38785296
8.517034   .000000   1.38785299
8.537074   -.000000   1.39772176
8.557115   .000000   1.39772180
8.577154   -.000000   1.40776881
8.597195   .000000   1.40776885
8.617234   -.000000   1.41799958
8.637275   -.000000   1.41799961
8.657314   .000000   1.42841991
8.677355   .000000   1.42841994
8.697394   .000000   1.43903608
8.717435   -.000000   1.43903611
8.737474   -.000000   1.44985483
8.757515   -.000000   1.44985484
8.777555   .000000   1.46088334
8.797595   -.000000   1.46088337
8.817636   -.000000   1.47212944
8.837675   .000000   1.47212948
8.857716   .000000   1.48360153
8.877755   -.000000   1.48360156
8.897796   .000000   1.49530868
8.917835   -.000000   1.49530870
8.937876   .000000   1.50726073
8.957915   -.000000   1.50726074
8.977956   .000000   1.51946837
8.997996   -.000000   1.51946839
9.018036   .000000   1.53194329
9.038076   -.000000   1.53194331
9.058116   .000000   1.54469824
9.078156   .000000   1.54469826
9.098196   -.000000   1.55774722
9.118237   -.000000   1.55774724
9.138276   .000000   1.57110567
9.158317   .000000   1.57110569
9.178356   -.000000   1.58479062
9.198397   .000000   1.58479065
9.218437   -.000000   1.59882108
9.238477   .000000   1.59882111
9.258517   -.000000   1.61321822
9.278557   .000000   1.61321825
9.298597   -.000000   1.62800582
9.318637   .000000   1.62800585
9.338677   -.000000   1.64321077
9.358717   -.000000   1.64321079
9.378757   .000000   1.65886363
9.398797   -.000000   1.65886368
9.418838   .000000   1.67499955
9.438878   .000000   1.67499959
9.458918   -.000000   1.69165908
9.478958   .000000   1.69165912
9.498998   .000000   1.70888966
9.519038   -.000000   1.70888969
9.539078   -.000000   1.72674731
9.559118   -.000000   1.72674736
9.579158   .000000   1.74529924
9.599198   .000000   1.74529928
9.619238   -.000000   1.76462714
9.639278   .000000   1.76462717
9.659319   -.000000   1.78483228
9.679358   -.000000   1.78483231
9.699399   .000000   1.80604307
9.719439   .000000   1.80604313
9.739479   -.000000   1.82842703
9.759519   .000000   1.82842707
9.779559   -.000000   1.85221029
9.799599   -.000000   1.85221032
9.819639   .000000   1.87771289
9.839680   -.000000   1.87771295
9.859719   -.000000   1.90541757
9.879760   .000000   1.90541763
9.899799   -.000000   1.93612330
9.919840   -.000000   1.93612333
9.939879   .000000   1.97136815
9.959920   .000000   1.97136819
9.979959   .000000   2.01514110
10.000000   .000000   2.01514112
