.100000   -10.000000   -.49875557   .18054903
.200000   -5.000000   -.11341515   .32678924
.300000   -3.333333   .08643451   .44361029
.400000   -2.500000   .39302086   .53528239
.500000   -2.000000   .80439833   .60552987
.600000   -1.666667   1.31616020   .65759638
.700000   -1.428571   1.92602511   .69430261
.800000   -1.250000   2.63246851   .71809736
.900000   -1.111111   3.43425336   .73110279
1.000000   -1.000000   4.33024538   .73515431
1.100000   -.909091   5.31932982   .73183600
1.200000   -.833333   6.40036985   .72251173
1.300000   -.769231   7.57218397   .70835272
1.400000   -.714286   8.83353320   .69036188
1.500000   -.666667   10.18311354   .66939517
1.600000   -.625000   11.61955140   .64618048
1.700000   -.588235   13.14140112   .62133425
1.800000   -.555556   14.74714354   .59537609
1.900000   -.526316   16.43518557   .56874158
2.000000   -.500000   18.20386020   .54179357
2.100000   -.476190   20.05142709   .51483209
2.200000   -.454545   21.97607336   .48810295
2.300000   -.434783   23.97591473   .46180539
2.400000   -.416667   26.04899682   .43609869
2.500000   -.400000   28.19329662   .41110796
2.600000   -.384615   30.40672415   .38692923
2.700000   -.370370   32.68712418   .36363377
2.800000   -.357143   35.03227814   .34127202
2.900000   -.344828   37.43990603   .31987684
3.000000   -.333333   39.90766854   .29946642
3.100000   -.322581   42.43316914   .28004677
3.200000   -.312500   45.01395629   .26161386
3.300000   -.303030   47.64752578   .24415549
3.400000   -.294118   50.33132300   .22765287
3.500000   -.285714   53.06274541   .21208198
3.600000   -.277778   55.83914494   .19741473
3.700000   -.270270   58.65783058   .18361997
3.800000   -.263158   61.51607086   .17066429
3.900000   -.256410   64.41109653   .15851278
4.000000   -.250000   67.34010316   .14712957
4.100000   -.243902   70.30025385   .13647834
4.200000   -.238095   73.28868193   .12652275
4.300000   -.232558   76.30249374   .11722675
4.400000   -.227273   79.33877140   .10855486
4.500000   -.222222   82.39457561   .10047238
4.600000   -.217391   85.46694852   .09294559
4.700000   -.212766   88.55291652   .08594182
4.800000   -.208333   91.64949315   .07942963
4.900000   -.204082   94.75368200   .07337879
5.000000   -.200000   97.86247955   .06776042
5.100000   -.196078   100.97287813   .06254692
5.200000   -.192308   104.08186880   .05771205
5.300000   -.188679   107.18644425   .05323089
5.400000   -.185185   110.28360176   .04907985
5.500000   -.181818   113.37034605   .04523661
5.600000   -.178571   116.44369223   .04168011
5.700000   -.175439   119.50066868   .03839051
5.800000   -.172414   122.53831994   .03534917
5.900000   -.169492   125.55370956   .03253854
6.000000   -.166667   128.54392300   .02994218
6.100000   -.163934   131.50607042   .02754470
6.200000   -.161290   134.43728953   .02533167
6.300000   -.158730   137.33474839   .02328960
6.400000   -.156250   140.19564815   .02140592
6.500000   -.153846   143.01722579   .01966887
6.600000   -.151515   145.79675688   .01806751
6.700000   -.149254   148.53155822   .01659161
6.800000   -.147059   151.21899049   .01523170
6.900000   -.144928   153.85646089   .01397892
7.000000   -.142857   156.44142569   .01282506
7.100000   -.140845   158.97139283   .01176249
7.200000   -.138889   161.44392437   .01078413
7.300000   -.136986   163.85663901   .00988337
7.400000   -.135135   166.20721452   .00905413
7.500000   -.133333   168.49339016   .00829073
7.600000   -.131579   170.71296911   .00758793
7.700000   -.129870   172.86382079   .00694085
7.800000   -.128205   174.94388327   .00634497
7.900000   -.126582   176.95116565   .00579612
8.000000   -.125000   178.88375044   .00529041
8.100000   -.123457   180.73979603   .00482425
8.200000   -.121951   182.51753923   .00439430
8.300000   -.120482   184.21529797   .00399746
8.400001   -.119048   185.83147417   .00363087
8.500000   -.117647   187.36455702   .00329185
8.600000   -.116279   188.81312665   .00297792
8.700000   -.114943   190.17585862   .00268677
8.800000   -.113636   191.45152942   .00241625
8.900001   -.112360   192.63902371   .00216434
9.000000   -.111111   193.73734407   .00192915
9.100000   -.109890   194.74562480   .00170892
9.200000   -.108696   195.66315216   .00150198
9.300000   -.107527   196.48939530   .00130675
9.400001   -.106383   197.22405496   .00112175
9.500000   -.105263   197.86714326   .00094556
9.600000   -.104167   198.41911782   .00077680
9.700000   -.103093   198.88111444   .00061418
9.800000   -.102041   199.25536159   .00045642
9.900001   -.101010   199.54596227   .00030227
10.000000   -.100000   199.76079549   .00015054
