.000000   15.000000   .00000003
.010020   15.000000   .00000011
.020040   15.000000   .00000026
.030060   15.000000   .00000046
.040080   15.000000   .00000073
.050100   15.000000   .00000106
.060120   15.000000   .00000145
.070140   15.000000   .00000191
.080160   15.000000   .00000245
.090180   15.000000   .00000306
.100200   15.000000   .00000375
.110220   15.000000   .00000453
.120240   15.000000   .00000540
.130261   15.000000   .00000637
.140281   15.000000   .00000745
.150301   15.000000   .00000865
.160321   15.000000   .00000996
.170341   15.000000   .00001142
.180361   15.000000   .00001302
.190381   15.000000   .00001478
.200401   15.000000   .00001671
.210421   15.000000   .00001883
.220441   15.000000   .00002115
.230461   15.000000   .00002370
.240481   15.000000   .00002649
.250501   15.000000   .00002954
.260521   15.000000   .00003288
.270541   15.000000   .00003653
.280561   15.000000   .00004053
.290581   15.000000   .00004490
.300601   15.000000   .00004967
.310621   15.000000   .00005490
.320641   15.000000   .00006060
.330661   15.000000   .00006684
.340681   15.000000   .00007366
.350701   15.000000   .00008110
.360721   15.000000   .00008924
.370741   15.000000   .00009813
.380762   15.000000   .00010785
.390782   15.000000   .00011846
.400802   15.000000   .00013005
.410822   15.000000   .00014272
.420842   15.000000   .00015655
.430862   15.000000   .00017167
.440882   15.000000   .00018818
.450902   15.000000   .00020621
.460922   15.000000   .00022592
.470942   15.000000   .00024744
.480962   15.000000   .00027094
.490982   15.000000   .00029662
.501002   15.000000   .00032467
.511022   15.000000   .00035531
.521042   15.000000   .00038878
.531062   15.000000   .00042533
.541082   15.000000   .00046526
.551102   15.000000   .00050888
.561122   15.000000   .00055652
.571142   15.000000   .00060856
.581162   15.000000   .00066541
.591182   15.000000   .00072750
.601202   15.000000   .00079532
.611222   15.000000   .00086940
.621242   15.000000   .00095033
.631263   15.000000   .00103872
.641283   15.000000   .00113526
.651303   15.000000   .00124072
.661323   15.000000   .00135592
.671343   15.000000   .00148174
.681363   15.000000   .00161918
.691383   15.000000   .00176931
.701403   15.000000   .00193329
.711423   15.000000   .00211241
.721443   15.000000   .00230806
.731463   15.000000   .00252176
.741483   15.000000   .00275520
.751503   15.000000   .00301017
.761523   15.000000   .00328868
.771543   15.000000   .00359290
.781563   15.000000   .00392520
.791583   15.000000   .00428817
.801603   15.000000   .00468463
.811623   15.000000   .00511770
.821643   15.000000   .00559073
.831663   15.000000   .00610742
.841683   15.000000   .00667180
.851703   15.000000   .00728828
.861723   15.000000   .00796165
.871744   15.000000   .00869717
.881764   15.000000   .00950058
.891784   15.000000   .01037815
.901804   15.000000   .01133671
.911824   15.000000   .01238375
.921844   15.000000   .01352742
.931864   15.000000   .01477666
.941884   15.000000   .01614120
.951904   15.000000   .01763168
.961924   15.000000   .01925973
.971944   15.000000   .02103804
.981964   15.000000   .02298049
.991984   15.000000   .02510223
1.002004   15.000000   .02741980
1.012024   15.000000   .02995127
1.022044   15.000000   .03271640
1.032064   15.000000   .03573674
1.042084   15.000000   .03903585
1.052104   15.000000   .04263946
1.062124   15.000000   .04657569
1.072144   15.000000   .05087521
1.082164   15.000000   .05557158
1.092184   15.000000   .06070141
1.102204   15.000000   .06630472
1.112224   15.000000   .07242520
1.122244   15.000000   .07911058
1.132264   15.000000   .08641302
1.142285   15.000000   .09438946
1.152305   15.000000   .10310211
1.162325   15.000000   .11261892
1.172345   15.000000   .12301412
1.182365   15.000000   .13436877
1.192385   15.000000   .14677143
1.202405   15.000000   .16031884
1.212425   15.000000   .17511665
1.222445   15.000000   .19128026
1.232465   15.000000   .20893575
1.242485   15.000000   .22822081
1.252505   .000000   .24928584
1.262525   .000000   .27072791
1.272545   .000000   .29245584
1.282565   .000000   .31437726
1.292585   .000000   .33639897
1.302605   .000000   .35842732
1.312625   .000000   .38036867
1.322645   .000000   .40212973
1.332665   .000000   .42361798
1.342685   .000000   .44474205
1.352705   .000000   .46541213
1.362725   .000000   .48554033
1.372746   .000000   .50504108
1.382766   .000000   .52383147
1.392786   .000000   .54183161
1.402806   .000000   .55896495
1.412826   .000000   .57515867
1.422846   .000000   .59034390
1.432866   .000000   .60445608
1.442886   .000000   .61743522
1.452906   .000000   .62922613
1.462926   .000000   .63977867
1.472946   .000000   .64904798
1.482966   .000000   .65699465
1.492986   .000000   .66358490
1.503006   .000000   .66879070
1.513026   .000000   .67258992
1.523046   .000000   .67496641
1.533066   .000000   .67591006
1.543086   .000000   .67541686
1.553106   .000000   .67348891
1.563126   .000000   .67013441
1.573146   .000000   .66536761
1.583166   .000000   .65920878
1.593186   .000000   .65168412
1.603206   .000000   .64282561
1.613226   .000000   .63267091
1.623246   .000000   .62126320
1.633267   .000000   .60865099
1.643287   .000000   .59488789
1.653307   .000000   .58003243
1.663327   .000000   .56414776
1.673347   .000000   .54730143
1.683367   .000000   .52956505
1.693387   .000000   .51101404
1.703407   .000000   .49172727
1.713427   .000000   .47178674
1.723447   .000000   .45127724
1.733467   .000000   .43028596
1.743487   .000000   .40890215
1.753507   .000000   .38721673
1.763527   .000000   .36532191
1.773547   .000000   .34331077
1.783567   .000000   .32127689
1.793587   .000000   .29931396
1.803607   .000000   .27751536
1.813627   .000000   .25597377
1.823647   .000000   .23478078
1.833667   .000000   .21402649
1.843687   .000000   .19379915
1.853707   .000000   .17418475
1.863727   .000000   .15526670
1.873747   .000000   .13712542
1.883767   .000000   .11983805
1.893788   .000000   .10347808
1.903808   .000000   .08811509
1.913828   .000000   .07381437
1.923848   .000000   .06063675
1.933868   .000000   .04863823
1.943888   .000000   .03786985
1.953908   .000000   .02837738
1.963928   .000000   .02020118
1.973948   .000000   .01337602
1.983968   .000000   .00793091
1.993988   .000000   .00388900
2.004008   .000000   .00126749
2.014028   .000000   .00007751
2.024048   .000000   .00032412
2.034068   .000000   .00200628
2.044088   .000000   .00511684
2.054108   .000000   .00964256
2.064128   .000000   .01556422
2.074148   .000000   .02285662
2.084168   .000000   .03148876
2.094188   .000000   .04142395
2.104208   .000000   .05261994
2.114228   .000000   .06502914
2.124249   .000000   .07859877
2.134269   .000000   .09327114
2.144289   .000000   .10898388
2.154309   .000000   .12567018
2.164329   .000000   .14325908
2.174349   .000000   .16167582
2.184369   .000000   .18084208
2.194389   .000000   .20067637
2.204409   .000000   .22109438
2.214429   .000000   .24200928
2.224449   .000000   .26333215
2.234469   .000000   .28497233
2.244489   .000000   .30683781
2.254509   .000000   .32883564
2.264529   .000000   .35087228
2.274549   .000000   .37285403
2.284569   .000000   .39468744
2.294589   .000000   .41627968
2.304609   .000000   .43753894
2.314629   .000000   .45837484
2.324649   .000000   .47869879
2.334669   .000000   .49842437
2.344689   .000000   .51746772
2.354709   .000000   .53574787
2.364729   .000000   .55318710
2.374749   .000000   .56971126
2.384769   .000000   .58525010
2.394789   .000000   .59973756
2.404809   .000000   .61311202
2.414830   .000000   .62531664
2.424850   .000000   .63629951
2.434870   .000000   .64601395
2.444890   .000000   .65441865
2.454910   .000000   .66147788
2.464930   .000000   .66716161
2.474950   .000000   .67144569
2.484970   .000000   .67431191
2.494990   .000000   .67574807
2.505010   .000000   .67574807
2.515030   .000000   .67431191
2.525050   .000000   .67144569
2.535070   .000000   .66716161
2.545090   .000000   .66147788
2.555110   .000000   .65441865
2.565130   .000000   .64601395
2.575150   .000000   .63629951
2.585170   .000000   .62531664
2.595190   .000000   .61311202
2.605210   .000000   .59973756
2.615230   .000000   .58525010
2.625251   .000000   .56971126
2.635271   .000000   .55318710
2.645291   .000000   .53574787
2.655311   .000000   .51746772
2.665331   .000000   .49842437
2.675351   .000000   .47869879
2.685371   .000000   .45837484
2.695391   .000000   .43753894
2.705411   .000000   .41627968
2.715431   .000000   .39468744
2.725451   .000000   .37285403
2.735471   .000000   .35087228
2.745491   .000000   .32883564
2.755511   .000000   .30683781
2.765531   .000000   .28497233
2.775551   .000000   .26333215
2.785571   .000000   .24200928
2.795591   .000000   .22109438
2.805611   .000000   .20067637
2.815631   .000000   .18084208
2.825651   .000000   .16167582
2.835671   .000000   .14325908
2.845691   .000000   .12567018
2.855711   .000000   .10898388
2.865731   .000000   .09327114
2.875751   .000000   .07859877
2.885772   .000000   .06502914
2.895792   .000000   .05261994
2.905812   .000000   .04142395
2.915832   .000000   .03148876
2.925852   .000000   .02285662
2.935872   .000000   .01556422
2.945892   .000000   .00964256
2.955912   .000000   .00511684
2.965932   .000000   .00200628
2.975952   .000000   .00032412
2.985972   .000000   .00007751
2.995992   .000000   .00126749
3.006012   .000000   .00388900
3.016032   .000000   .00793091
3.026052   .000000   .01337602
3.036072   .000000   .02020118
3.046092   .000000   .02837738
3.056112   .000000   .03786985
3.066132   .000000   .04863823
3.076152   .000000   .06063675
3.086172   .000000   .07381437
3.096192   .000000   .08811509
3.106212   .000000   .10347808
3.116232   .000000   .11983805
3.126252   .000000   .13712542
3.136272   .000000   .15526670
3.146292   .000000   .17418475
3.156313   .000000   .19379915
3.166333   .000000   .21402649
3.176353   .000000   .23478078
3.186373   .000000   .25597377
3.196393   .000000   .27751536
3.206413   .000000   .29931396
3.216433   .000000   .32127689
3.226453   .000000   .34331077
3.236473   .000000   .36532191
3.246493   .000000   .38721673
3.256513   .000000   .40890215
3.266533   .000000   .43028596
3.276553   .000000   .45127724
3.286573   .000000   .47178674
3.296593   .000000   .49172727
3.306613   .000000   .51101404
3.316633   .000000   .52956505
3.326653   .000000   .54730143
3.336673   .000000   .56414776
3.346693   .000000   .58003243
3.356713   .000000   .59488789
3.366734   .000000   .60865099
3.376754   .000000   .62126320
3.386774   .000000   .63267091
3.396794   .000000   .64282561
3.406814   .000000   .65168412
3.416834   .000000   .65920878
3.426854   .000000   .66536761
3.436874   .000000   .67013441
3.446894   .000000   .67348891
3.456914   .000000   .67541686
3.466934   .000000   .67591006
3.476954   .000000   .67496641
3.486974   .000000   .67258992
3.496994   .000000   .66879070
3.507014   .000000   .66358490
3.517034   .000000   .65699465
3.527054   .000000   .64904798
3.537074   .000000   .63977867
3.547094   .000000   .62922613
3.557114   .000000   .61743522
3.567134   .000000   .60445608
3.577154   .000000   .59034390
3.587174   .000000   .57515867
3.597194   .000000   .55896495
3.607214   .000000   .54183161
3.617234   .000000   .52383147
3.627254   .000000   .50504108
3.637275   .000000   .48554033
3.647295   .000000   .46541213
3.657315   .000000   .44474205
3.667335   .000000   .42361798
3.677355   .000000   .40212973
3.687375   .000000   .38036867
3.697395   .000000   .35842732
3.707415   .000000   .33639897
3.717435   .000000   .31437726
3.727455   .000000   .29245584
3.737475   .000000   .27072791
3.747495   .000000   .24928584
3.757515   15.000000   .22822081
3.767535   15.000000   .20893575
3.777555   15.000000   .19128026
3.787575   15.000000   .17511665
3.797595   15.000000   .16031884
3.807615   15.000000   .14677143
3.817635   15.000000   .13436877
3.827655   15.000000   .12301412
3.837675   15.000000   .11261892
3.847695   15.000000   .10310211
3.857715   15.000000   .09438946
3.867735   15.000000   .08641302
3.877755   15.000000   .07911058
3.887775   15.000000   .07242520
3.897795   15.000000   .06630472
3.907816   15.000000   .06070141
3.917836   15.000000   .05557158
3.927856   15.000000   .05087521
3.937876   15.000000   .04657569
3.947896   15.000000   .04263946
3.957916   15.000000   .03903585
3.967936   15.000000   .03573674
3.977956   15.000000   .03271640
3.987976   15.000000   .02995127
3.997996   15.000000   .02741980
4.008016   15.000000   .02510223
4.018036   15.000000   .02298049
4.028056   15.000000   .02103804
4.038076   15.000000   .01925973
4.048096   15.000000   .01763168
4.058116   15.000000   .01614120
4.068136   15.000000   .01477666
4.078156   15.000000   .01352742
4.088176   15.000000   .01238375
4.098197   15.000000   .01133671
4.108216   15.000000   .01037815
4.118237   15.000000   .00950058
4.128256   15.000000   .00869717
4.138277   15.000000   .00796165
4.148296   15.000000   .00728828
4.158317   15.000000   .00667180
4.168337   15.000000   .00610742
4.178357   15.000000   .00559073
4.188377   15.000000   .00511770
4.198397   15.000000   .00468463
4.208417   15.000000   .00428817
4.218437   15.000000   .00392520
4.228457   15.000000   .00359290
4.238477   15.000000   .00328868
4.248497   15.000000   .00301017
4.258517   15.000000   .00275520
4.268537   15.000000   .00252176
4.278557   15.000000   .00230806
4.288577   15.000000   .00211241
4.298597   15.000000   .00193329
4.308617   15.000000   .00176931
4.318637   15.000000   .00161918
4.328657   15.000000   .00148174
4.338677   15.000000   .00135592
4.348697   15.000000   .00124072
4.358717   15.000000   .00113526
4.368737   15.000000   .00103872
4.378757   15.000000   .00095033
4.388778   15.000000   .00086940
4.398798   15.000000   .00079532
4.408818   15.000000   .00072750
4.418838   15.000000   .00066541
4.428858   15.000000   .00060856
4.438878   15.000000   .00055652
4.448898   15.000000   .00050888
4.458918   15.000000   .00046526
4.468938   15.000000   .00042533
4.478958   15.000000   .00038878
4.488978   15.000000   .00035531
4.498998   15.000000   .00032467
4.509018   15.000000   .00029662
4.519038   15.000000   .00027094
4.529058   15.000000   .00024744
4.539078   15.000000   .00022592
4.549098   15.000000   .00020621
4.559118   15.000000   .00018818
4.569138   15.000000   .00017167
4.579158   15.000000   .00015655
4.589178   15.000000   .00014272
4.599198   15.000000   .00013005
4.609219   15.000000   .00011846
4.619238   15.000000   .00010785
4.629259   15.000000   .00009813
4.639278   15.000000   .00008924
4.649299   15.000000   .00008110
4.659318   15.000000   .00007366
4.669339   15.000000   .00006684
4.679358   15.000000   .00006060
4.689379   15.000000   .00005490
4.699399   15.000000   .00004967
4.709419   15.000000   .00004490
4.719439   15.000000   .00004053
4.729459   15.000000   .00003653
4.739479   15.000000   .00003288
4.749499   15.000000   .00002954
4.759519   15.000000   .00002649
4.769539   15.000000   .00002370
4.779559   15.000000   .00002115
4.789579   15.000000   .00001883
4.799599   15.000000   .00001671
4.809619   15.000000   .00001478
4.819639   15.000000   .00001302
4.829659   15.000000   .00001142
4.839679   15.000000   .00000996
4.849699   15.000000   .00000865
4.859719   15.000000   .00000745
4.869740   15.000000   .00000637
4.879759   15.000000   .00000540
4.889780   15.000000   .00000453
4.899799   15.000000   .00000375
4.909820   15.000000   .00000306
4.919840   15.000000   .00000245
4.929860   15.000000   .00000191
4.939880   15.000000   .00000145
4.949900   15.000000   .00000106
4.959920   15.000000   .00000073
4.969940   15.000000   .00000046
4.979960   15.000000   .00000026
4.989980   15.000000   .00000011
5.000000   15.000000   .00000003
