.000000   1.000000
.020040   .992000
.040080   .984032
.060120   .976096
.080160   .968193
.100200   .960321
.120240   .952482
.140281   .944675
.160321   .936900
.180361   .929157
.200401   .921446
.220441   .913767
.240481   .906121
.260521   .898506
.280561   .890924
.300601   .883374
.320641   .875856
.340681   .868370
.360721   .860916
.380762   .853495
.400802   .846105
.420842   .838748
.440882   .831422
.460922   .824129
.480962   .816868
.501002   .809639
.521042   .802443
.541082   .795278
.561122   .788145
.581162   .781045
.601202   .773977
.621242   .766941
.641283   .759937
.661323   .752965
.681363   .746025
.701403   .739118
.721443   .732242
.741483   .725399
.761523   .718587
.781563   .711808
.801603   .705061
.821643   .698347
.841683   .691664
.861723   .685013
.881764   .678395
.901804   .671809
.921844   .665254
.941884   .658732
.961924   .652242
.981964   .645785
1.002004   .639359
1.022044   .632965
1.042084   .626604
1.062124   .620275
1.082164   .613977
1.102204   .607712
1.122244   .601480
1.142285   .595279
1.162325   .589110
1.182365   .582974
1.202405   .576869
1.222445   .570797
1.242485   .564757
1.262525   .558749
1.282565   .552773
1.302605   .546829
1.322645   .540918
1.342685   .535038
1.362725   .529191
1.382766   .523375
1.402806   .517592
1.422846   .511841
1.442886   .506122
1.462926   .500436
1.482966   .494781
1.503006   .489159
1.523046   .483568
1.543086   .478010
1.563126   .472484
1.583166   .466990
1.603206   .461528
1.623246   .456099
1.643287   .450701
1.663327   .445336
1.683367   .440002
1.703407   .434701
1.723447   .429432
1.743487   .424195
1.763527   .418990
1.783567   .413818
1.803607   .408677
1.823647   .403569
1.843687   .398492
1.863727   .393448
1.883767   .388436
1.903808   .383456
1.923848   .378509
1.943888   .373593
1.963928   .368710
1.983968   .363858
2.004008   .359039
2.024048   .354252
2.044088   .349497
2.064128   .344774
2.084168   .340083
2.104208   .335425
2.124249   .330799
2.144289   .326204
2.164329   .321642
2.184369   .317112
2.204409   .312615
2.224449   .308149
2.244489   .303715
2.264529   .299314
2.284569   .294945
2.304609   .290608
2.324649   .286303
2.344689   .282031
2.364729   .277790
2.384769   .273582
2.404809   .269406
2.424850   .265263
2.444890   .261151
2.464930   .257072
2.484970   .253025
2.505010   .249011
2.525050   .245029
2.545090   .241079
2.565130   .237161
2.585170   .233276
2.605210   .229424
2.625251   .225604
2.645291   .221816
2.665331   .218062
2.685371   .214339
2.705411   .210650
2.725451   .206993
2.745491   .203369
2.765531   .199778
2.785571   .196220
2.805611   .192696
2.825651   .189204
2.845691   .185746
2.865731   .182321
2.885772   .178930
2.905812   .175572
2.925852   .172249
2.945892   .168960
2.965932   .165705
2.985972   .162484
3.006012   .159298
3.026052   .156147
3.046092   .153031
3.066132   .149951
3.086172   .146907
3.106212   .143898
3.126252   .140926
3.146292   .137991
3.166333   .135093
3.186373   .132232
3.206413   .129410
3.226453   .126625
3.246493   .123880
3.266533   .121174
3.286573   .118508
3.306613   .115883
3.326653   .113298
3.346693   .110755
3.366734   .108255
3.386774   .105797
3.406814   .103383
3.426854   .101013
3.446894   .098688
3.466934   .096409
3.486974   .094177
3.507014   .091991
3.527054   .089854
3.547094   .087765
3.567134   .085727
3.587174   .083738
3.607214   .081801
3.627254   .079916
3.647295   .078084
3.667335   .076306
3.687375   .074582
3.707415   .072913
3.727455   .071301
3.747495   .069745
3.767535   .068247
3.787575   .066807
3.807615   .065426
3.827655   .064104
3.847695   .062843
3.867735   .061641
3.887775   .060500
3.907816   .059421
3.927856   .058403
3.947896   .057446
3.967936   .056551
3.987976   .055717
4.008016   .054945
4.028056   .054234
4.048096   .053584
4.068136   .052994
4.088176   .052464
4.108216   .051994
4.128256   .051581
4.148296   .051226
4.168337   .050927
4.188377   .050683
4.208417   .050493
4.228457   .050355
4.248497   .050268
4.268537   .050229
4.288577   .050238
4.308617   .050291
4.328657   .050387
4.348697   .050523
4.368737   .050698
4.388778   .050908
4.408818   .051151
4.428858   .051425
4.448898   .051726
4.468938   .052052
4.488978   .052400
4.509018   .052767
4.529058   .053150
4.549098   .053546
4.569138   .053952
4.589178   .054365
4.609219   .054782
4.629259   .055200
4.649299   .055616
4.669339   .056027
4.689379   .056430
4.709419   .056823
4.729459   .057203
4.749499   .057567
4.769539   .057914
4.789579   .058240
4.809619   .058543
4.829659   .058822
4.849699   .059075
4.869740   .059300
4.889780   .059496
4.909820   .059661
4.929860   .059794
4.949900   .059894
4.969940   .059962
4.989980   .059996
5.010020   .059996
5.030060   .059962
5.050100   .059894
5.070140   .059794
5.090180   .059661
5.110220   .059496
5.130260   .059300
5.150301   .059075
5.170341   .058822
5.190381   .058543
5.210421   .058240
5.230461   .057914
5.250501   .057567
5.270541   .057203
5.290581   .056823
5.310621   .056430
5.330661   .056027
5.350701   .055616
5.370741   .055200
5.390781   .054782
5.410821   .054365
5.430861   .053952
5.450902   .053546
5.470942   .053150
5.490982   .052767
5.511022   .052400
5.531062   .052052
5.551102   .051726
5.571142   .051425
5.591182   .051151
5.611222   .050908
5.631262   .050698
5.651302   .050523
5.671343   .050387
5.691383   .050291
5.711423   .050238
5.731463   .050229
5.751503   .050268
5.771543   .050355
5.791583   .050493
5.811623   .050683
5.831663   .050927
5.851703   .051226
5.871743   .051581
5.891784   .051994
5.911824   .052464
5.931864   .052994
5.951904   .053584
5.971944   .054234
5.991984   .054945
6.012024   .055717
6.032064   .056551
6.052104   .057446
6.072144   .058403
6.092184   .059421
6.112225   .060500
6.132265   .061641
6.152305   .062843
6.172345   .064104
6.192385   .065426
6.212425   .066807
6.232465   .068247
6.252505   .069745
6.272545   .071301
6.292585   .072913
6.312625   .074582
6.332665   .076306
6.352705   .078084
6.372746   .079916
6.392786   .081801
6.412826   .083738
6.432866   .085727
6.452906   .087765
6.472946   .089854
6.492986   .091991
6.513026   .094177
6.533066   .096409
6.553106   .098688
6.573146   .101013
6.593186   .103383
6.613226   .105797
6.633266   .108255
6.653306   .110755
6.673347   .113298
6.693387   .115883
6.713427   .118508
6.733467   .121174
6.753507   .123880
6.773547   .126625
6.793587   .129410
6.813627   .132232
6.833667   .135093
6.853707   .137991
6.873747   .140926
6.893787   .143898
6.913827   .146906
6.933867   .149951
6.953908   .153031
6.973948   .156147
6.993988   .159298
7.014028   .162484
7.034068   .165705
7.054108   .168960
7.074148   .172249
7.094188   .175572
7.114228   .178930
7.134268   .182321
7.154308   .185746
7.174349   .189204
7.194389   .192696
7.214429   .196220
7.234469   .199778
7.254509   .203369
7.274549   .206993
7.294589   .210650
7.314629   .214339
7.334669   .218061
7.354709   .221816
7.374749   .225604
7.394790   .229424
7.414830   .233276
7.434870   .237161
7.454910   .241079
7.474950   .245029
7.494990   .249011
7.515030   .253025
7.535070   .257072
7.555110   .261151
7.575150   .265263
7.595191   .269406
7.615231   .273582
7.635271   .277790
7.655311   .282031
7.675351   .286303
7.695391   .290608
7.715431   .294945
7.735471   .299314
7.755511   .303715
7.775551   .308149
7.795591   .312614
7.815631   .317112
7.835671   .321642
7.855711   .326204
7.875751   .330799
7.895792   .335425
7.915832   .340083
7.935872   .344774
7.955912   .349497
7.975952   .354252
7.995992   .359039
8.016032   .363858
8.036072   .368709
8.056112   .373593
8.076152   .378509
8.096192   .383456
8.116232   .388436
8.136272   .393448
8.156313   .398493
8.176353   .403569
8.196393   .408677
8.216433   .413818
8.236473   .418990
8.256513   .424195
8.276553   .429432
8.296593   .434701
8.316633   .440002
8.336674   .445336
8.356713   .450701
8.376754   .456099
8.396793   .461528
8.416834   .466990
8.436873   .472484
8.456914   .478010
8.476954   .483568
8.496994   .489159
8.517034   .494781
8.537074   .500436
8.557115   .506123
8.577154   .511841
8.597195   .517592
8.617234   .523375
8.637275   .529191
8.657314   .535038
8.677355   .540918
8.697394   .546829
8.717435   .552773
8.737474   .558749
8.757515   .564757
8.777555   .570797
8.797595   .576869
8.817636   .582974
8.837675   .589110
8.857716   .595279
8.877755   .601479
8.897796   .607712
8.917835   .613977
8.937876   .620275
8.957915   .626604
8.977956   .632965
8.997996   .639359
9.018036   .645784
9.038076   .652242
9.058116   .658732
9.078156   .665254
9.098196   .671808
9.118237   .678395
9.138276   .685013
9.158317   .691664
9.178356   .698346
9.198397   .705061
9.218437   .711809
9.238477   .718587
9.258517   .725399
9.278557   .732242
9.298597   .739118
9.318637   .746025
9.338677   .752965
9.358717   .759937
9.378757   .766941
9.398797   .773977
9.418838   .781045
9.438878   .788146
9.458918   .795278
9.478958   .802443
9.498998   .809639
9.519038   .816868
9.539078   .824129
9.559118   .831422
9.579158   .838747
9.599198   .846105
9.619238   .853494
9.639278   .860916
9.659319   .868370
9.679358   .875856
9.699399   .883374
9.719439   .890924
9.739479   .898506
9.759519   .906121
9.779559   .913767
9.799599   .921446
9.819639   .929157
9.839680   .936900
9.859719   .944675
9.879760   .952482
9.899799   .960321
9.919840   .968193
9.939879   .976096
9.959920   .984032
9.979959   .992000
10.000000   1.000000
